"SLN201204130","20120413",0,"Friday",359,"F","D","CHN","SLN","STL10","samaj001","waina001","gibsg901","cuzzp901","carav901","davig901","","",46882,"","","","","",1,1,49,8,15,0,0,0,162,9,9,5,10,12,0,0,4,8,"samaj001","waina001","","","dejed001",9,"barnd001",4,"casts001",6,"soria001",7,"stewi001",5,"lahab001",3,"sotog001",2,"byrdm001",8,"samaj001",1,"furcr001",6,"jay-j001",8,"hollm001",7,"beltc001",9,"freed001",5,"moliy001",2,"carpm002",3,"descd001",4,"waina001",1,"marmc001","salaf001","N","N",,,54,,,,404100000,000050000,35,1,0,2,8,0,0,1,4,0,8,1,0,2,0,5,5,5,0,0,27,4,0,0,0,39,2,1,0,5,0,0,0,1,0,8,0,0,0,0,5,9,9,0,0,27,14,0,2,0,,,,,,,,,,,"Jeff Samardzija","Adam Wainwright","(none)","casts001","Starlin Castro","David DeJesus","Darwin Barney","Starlin Castro","Alfonso Soriano","Ian Stewart","Bryan LaHair","Geovany Soto","Marlon Byrd","Jeff Samardzija","Rafael Furcal","Jon Jay","Matt Holliday","Carlos Beltran","David Freese","Yadier Molina","Matt Carpenter","Daniel Descalso","Adam Wainwright",,
"SLN201204140","20120414",0,"Saturday",204,"F","D","CHN","SLN","STL10","volsc001","lynnl001","cuzzp901","carav901","davig901","gibsg901","","",46792,"","","","","",1,1,64,8,3,0,0,2,167,9,1,5,6,7,2,0,7,4,"lynnl001","volsc001","","","dejed001",9,"barnd001",4,"casts001",6,"soria001",7,"stewi001",5,"lahab001",3,"sotog001",2,"byrdm001",8,"volsc001",1,"furcr001",6,"jay-j001",8,"hollm001",7,"beltc001",9,"carpm002",3,"moliy001",2,"descd001",5,"greet004",4,"lynnl001",1,"camps002","mottj001","N","N",,,51,,,,000001000,00040010x,33,1,0,0,1,0,0,0,2,0,9,0,0,0,0,2,4,4,0,0,24,7,0,0,0,33,1,1,1,5,0,0,0,0,0,5,2,0,0,0,6,1,1,0,0,27,7,0,0,0,,,,,,,,,,,"Lance Lynn","Chris Volstad","(none)","moliy001","Yadier Molina","David DeJesus","Darwin Barney","Starlin Castro","Alfonso Soriano","Ian Stewart","Bryan LaHair","Geovany Soto","Marlon Byrd","Chris Volstad","Rafael Furcal","Jon Jay","Matt Holliday","Carlos Beltran","Matt Carpenter","Yadier Molina","Daniel Descalso","Tyler Greene","Lance Lynn",,
"SLN201204150","20120415",0,"Sunday",115,"F","D","CHN","SLN","STL10","mahop002","westj001","carav901","davig901","gibsg901","cuzzp901","","",44952,"","","","","",1,1,77,8,21,0,0,2,155,9,3,10,6,12,0,2,4,6,"westj001","mahop002","","","johnr008",9,"dewib001",4,"casts001",6,"bakej001",3,"stewi001",5,"mathj002",7,"sotog001",2,"byrdm001",8,"mahop002",1,"furcr001",6,"greet004",4,"hollm001",7,"beltc001",9,"moliy001",2,"carpm002",3,"robis001",8,"descd001",5,"westj001",1,"loper001","martv002","N","N",,,51,,,,000110010,02402020x,33,2,0,0,2,0,0,0,1,0,3,0,1,0,0,3,10,10,0,0,24,9,0,1,0,34,2,1,2,10,1,0,2,3,0,6,1,0,1,0,3,2,2,1,0,27,14,0,1,0,,,,,,,,,,,"Jake Westbrook","Paul Maholm","(none)","carpm002","Matt Carpenter","Reed Johnson","Blake DeWitt","Starlin Castro","Jeff Baker","Ian Stewart","Joe Mather","Geovany Soto","Marlon Byrd","Paul Maholm","Rafael Furcal","Tyler Greene","Matt Holliday","Carlos Beltran","Yadier Molina","Matt Carpenter","Shane Robinson","Daniel Descalso","Jake Westbrook",,
"SLN201204170","20120417",0,"Tuesday",715,"F","N","CIN","SLN","STL10","cuetj001","lohsk001","randt901","ticht901","gormb901","vanol901","","",35562,"","","","","",1,1,69,8,7,0,0,2,194,10,1,2,7,8,0,2,6,14,"mottj001","lecus001","","","philb001",4,"cozaz001",6,"vottj001",3,"roles001",5,"brucj001",9,"ludwr001",7,"stubd001",8,"hanir001",2,"cuetj001",1,"furcr001",6,"beltc001",9,"hollm001",7,"berkl001",3,"freed001",5,"moliy001",2,"jay-j001",8,"descd001",4,"lohsk001",1,"brayb001","mottj001","N","N",,,59,,,,0000000100,1000000001,34,0,0,0,1,2,0,0,1,0,10,0,1,0,0,4,2,2,0,0,29,9,0,0,0,34,1,0,1,2,2,1,1,7,2,6,0,0,0,0,5,0,0,0,0,30,14,0,2,0,,,,,,,,,,,"Jason Motte","Sam LeCure","(none)","carpm002","Matt Carpenter","Brandon Phillips","Zack Cozart","Joey Votto","Scott Rolen","Jay Bruce","Ryan Ludwick","Drew Stubbs","Ryan Hanigan","Johnny Cueto","Rafael Furcal","Carlos Beltran","Matt Holliday","Lance Berkman","David Freese","Yadier Molina","Jon Jay","Daniel Descalso","Kyle Lohse",,
"SLN201204180","20120418",0,"Wednesday",715,"F","N","CIN","SLN","STL10","latom001","garcj004","ticht901","gormb901","vanol901","randt901","","",35907,"","","","","",1,1,69,8,6,0,0,1,167,9,1,11,9,14,0,0,8,4,"garcj004","latom001","","","cozaz001",6,"stubd001",8,"vottj001",3,"philb001",4,"brucj001",9,"roles001",5,"heisc001",7,"mesod001",2,"latom001",1,"furcr001",6,"beltc001",9,"hollm001",7,"berkl001",3,"freed001",5,"moliy001",2,"jay-j001",8,"greet004",4,"garcj004",1,"brayb001","mcclk001","N","N",,,51,,,,000010000,32000303x,32,1,1,0,1,0,0,1,3,0,5,0,0,4,0,4,11,11,0,0,24,10,0,1,0,36,5,1,2,11,0,0,0,3,0,8,4,0,1,0,3,1,1,0,0,27,14,0,4,0,,,,,,,,,,,"Jaime Garcia","Mat Latos","(none)","berkl001","Lance Berkman","Zack Cozart","Drew Stubbs","Joey Votto","Brandon Phillips","Jay Bruce","Scott Rolen","Chris Heisey","Devin Mesoraco","Mat Latos","Rafael Furcal","Carlos Beltran","Matt Holliday","Lance Berkman","David Freese","Yadier Molina","Jon Jay","Tyler Greene","Jaime Garcia",,
"SLN201204190","20120419",0,"Thursday",1246,"F","D","CIN","SLN","STL10","arrob001","waina001","gormb901","vanol901","randt901","ticht901","","",40049,"","","","","",1,1,72,8,11,0,0,1,152,9,6,3,12,6,1,0,7,3,"arrob001","waina001","marss002","","cozaz001",6,"stubd001",8,"vottj001",3,"philb001",4,"brucj001",9,"ludwr001",7,"frazt001",5,"hanir001",2,"arrob001",1,"furcr001",6,"jay-j001",8,"hollm001",7,"beltc001",9,"carpm002",3,"cruzt002",2,"descd001",5,"greet004",4,"waina001",1,"marss002","salaf001","N","N",,,54,,,,000310101,000003000,39,1,0,3,6,0,0,0,1,0,8,0,0,0,0,2,3,3,0,0,27,7,0,1,0,33,0,0,1,3,0,0,0,0,0,8,0,0,1,0,5,6,6,0,0,27,9,0,0,0,,,,,,,,,,,"Bronson Arroyo","Adam Wainwright","Sean Marshall","philb001","Brandon Phillips","Zack Cozart","Drew Stubbs","Joey Votto","Brandon Phillips","Jay Bruce","Ryan Ludwick","Todd Frazier","Ryan Hanigan","Bronson Arroyo","Rafael Furcal","Jon Jay","Matt Holliday","Carlos Beltran","Matt Carpenter","Tony Cruz","Daniel Descalso","Tyler Greene","Adam Wainwright",,
"SLN201204270","20120427",0,"Friday",715,"F","N","MIL","SLN","STL10","gally001","westj001","kulpr901","barkl901","cousd901","porta901","","",43063,"","","","","",1,1,58,8,18,0,0,2,154,9,1,13,7,15,0,0,6,6,"westj001","gally001","","","weekr001",4,"morgn001",8,"braur002",7,"ramia001",5,"hartc001",9,"gamem001",3,"gonza002",6,"lucrj001",2,"gally001",1,"furcr001",6,"jay-j001",8,"hollm001",7,"beltc001",9,"freed001",5,"moliy001",2,"carpm002",3,"schus001",4,"westj001",1,"dillt001","salaf001","N","N",,,51,,,,100000000,02802001x,32,1,0,0,1,0,0,2,0,0,5,0,0,2,0,4,13,13,0,0,24,7,0,1,0,36,2,1,0,13,2,0,0,5,0,9,0,0,0,0,3,1,1,0,0,27,15,0,2,0,,,,,,,,,,,"Jake Westbrook","Yovani Gallardo","(none)","schus001","Skip Schumaker","Rickie Weeks","Nyjer Morgan","Ryan Braun","Aramis Ramirez","Corey Hart","Mat Gamel","Alex Gonzalez","Jonathan Lucroy","Yovani Gallardo","Rafael Furcal","Jon Jay","Matt Holliday","Carlos Beltran","David Freese","Yadier Molina","Matt Carpenter","Skip Schumaker","Jake Westbrook",,
"SLN201204280","20120428",0,"Saturday",1206,"F","D","MIL","SLN","STL10","estrm001","lohsk001","barkl901","cousd901","porta901","kulpr901","","",42586,"","","","","",1,1,76,8,6,0,0,1,150,9,3,7,7,10,1,0,7,6,"lohsk001","estrm001","","","weekr001",4,"gomec002",8,"braur002",7,"ramia001",5,"hartc001",9,"gamem001",3,"gonza002",6,"kottg001",2,"estrm001",1,"furcr001",6,"jay-j001",8,"hollm001",7,"beltc001",9,"freed001",5,"moliy001",2,"carpm002",3,"schus001",4,"lohsk001",1,"veraj001","mottj001","N","N",,,51,,,,000111000,00210202x,32,1,0,2,3,1,0,0,4,0,9,0,0,1,0,3,6,6,0,0,24,5,0,1,0,34,2,0,2,7,0,0,0,3,0,3,1,0,1,0,4,3,3,0,0,27,9,0,1,0,,,,,,,,,,,"Kyle Lohse","Marco Estrada","(none)","moliy001","Yadier Molina","Rickie Weeks","Carlos Gomez","Ryan Braun","Aramis Ramirez","Corey Hart","Mat Gamel","Alex Gonzalez","George Kottaras","Marco Estrada","Rafael Furcal","Jon Jay","Matt Holliday","Carlos Beltran","David Freese","Yadier Molina","Matt Carpenter","Skip Schumaker","Kyle Lohse",,
"SLN201204290","20120429",0,"Sunday",114,"F","D","MIL","SLN","STL10","greiz001","garcj004","cousd901","porta901","kulpr901","barkl901","","",45824,"","","","","",1,1,57,4,5,0,0,0,172,9,3,2,9,11,0,0,6,13,"greiz001","garcj004","axfoj001","","weekr001",4,"gomec002",8,"braur002",7,"ramia001",5,"hartc001",9,"gonza002",6,"lucrj001",2,"ishit001",3,"greiz001",1,"furcr001",6,"jay-j001",8,"hollm001",7,"beltc001",9,"freed001",5,"moliy001",2,"carpm002",3,"schus001",4,"garcj004",1,"axfoj001","rzepm001","N","N",,,54,,,,000003000,010000010,35,1,0,0,3,0,0,0,1,0,7,1,0,1,0,5,2,2,0,0,27,13,0,2,0,35,1,0,0,2,1,0,0,6,0,5,0,2,0,0,3,3,3,0,0,27,12,0,1,0,,,,,,,,,,,"Zack Greinke","Jaime Garcia","John Axford","lucrj001","Jonathan Lucroy","Rickie Weeks","Carlos Gomez","Ryan Braun","Aramis Ramirez","Corey Hart","Alex Gonzalez","Jonathan Lucroy","Travis Ishikawa","Zack Greinke","Rafael Furcal","Jon Jay","Matt Holliday","Carlos Beltran","David Freese","Yadier Molina","Matt Carpenter","Skip Schumaker","Jaime Garcia",,
"SLN201205010","20120501",0,"Tuesday",714,"F","N","PIT","SLN","STL10","mortc002","waina001","buckc901","campa902","iassd901","scotd901","","",36345,"","","","","",1,1,83,8,6,0,0,2,184,9,7,10,9,13,4,0,4,8,"waina001","mortc002","mottj001","","presa001",7,"tabaj002",9,"mccua001",8,"joneg002",3,"walkn001",4,"alvap001",5,"barmc001",6,"barar001",2,"mortc002",1,"furcr001",6,"jay-j001",8,"hollm001",7,"beltc001",9,"freed001",5,"moliy001",2,"craia001",3,"schus001",4,"waina001",1,"lincb001","mottj001","N","N",,,51,,,,002000230,10014130x,33,1,1,2,7,1,0,1,3,0,9,0,0,2,0,4,7,6,0,0,24,8,0,0,0,39,2,0,3,8,1,0,0,2,0,8,4,0,0,0,5,7,7,1,0,27,13,0,2,0,,,,,,,,,,,"Adam Wainwright","Charlie Morton","Jason Motte","freed001","David Freese","Alex Presley","Jose Tabata","Andrew McCutchen","Garrett Jones","Neil Walker","Pedro Alvarez","Clint Barmes","Rod Barajas","Charlie Morton","Rafael Furcal","Jon Jay","Matt Holliday","Carlos Beltran","David Freese","Yadier Molina","Allen Craig","Skip Schumaker","Adam Wainwright",,
"SLN201205020","20120502",0,"Wednesday",715,"F","N","PIT","SLN","STL10","burna001","lynnl001","campa902","iassd901","scotd901","reybd901","","",35987,"","","","","",1,1,85,1,12,0,0,1,191,9,3,12,7,17,1,1,6,9,"lynnl001","burna001","","","presa001",7,"mclon001",8,"tabaj002",9,"walkn001",4,"alvap001",5,"joneg002",3,"barmc001",6,"barar001",2,"burna001",1,"furcr001",6,"jay-j001",8,"hollm001",7,"beltc001",9,"freed001",5,"moliy001",2,"carpm002",3,"descd001",4,"lynnl001",1,"grilj001","boggm001","N","N",,,51,,,,010000101,43500000x,34,1,0,0,3,0,0,0,2,0,7,0,0,0,0,5,12,12,0,0,24,9,0,3,0,38,0,2,2,11,0,1,1,5,0,7,1,0,2,0,4,3,3,0,0,27,14,0,0,0,,,,,,,,,,,"Lance Lynn","A.J. Burnett","(none)","hollm001","Matt Holliday","Alex Presley","Nate McLouth","Jose Tabata","Neil Walker","Pedro Alvarez","Garrett Jones","Clint Barmes","Rod Barajas","A.J. Burnett","Rafael Furcal","Jon Jay","Matt Holliday","Carlos Beltran","David Freese","Yadier Molina","Matt Carpenter","Daniel Descalso","Lance Lynn",,
"SLN201205030","20120503",0,"Thursday",1245,"F","D","PIT","SLN","STL10","bedae001","westj001","iassd901","scotd901","buckc901","campa902","","",40601,"","","","","",1,1,83,2,8,0,0,2,206,9,6,3,13,7,1,0,7,12,"bedae001","westj001","","","tabaj002",9,"presa001",7,"mccua001",8,"walkn001",4,"alvap001",5,"joneg002",3,"barmc001",6,"mckem001",2,"bedae001",1,"furcr001",6,"jay-j001",8,"hollm001",7,"freed001",5,"craia001",3,"robis001",9,"greet004",4,"cruzt002",2,"westj001",1,"hanrj001","mcclk001","N","N",,,54,,,,000102111,200000001,39,5,0,1,6,0,0,0,1,0,5,1,0,1,0,5,3,3,0,0,27,7,0,0,0,34,4,0,0,3,1,0,0,7,0,17,2,0,0,0,4,6,6,1,0,27,15,0,1,0,,,,,,,,,,,"Erik Bedard","Jake Westbrook","(none)","alvap001","Pedro Alvarez","Jose Tabata","Alex Presley","Andrew McCutchen","Neil Walker","Pedro Alvarez","Garrett Jones","Clint Barmes","Michael McKenry","Erik Bedard","Rafael Furcal","Jon Jay","Matt Holliday","David Freese","Allen Craig","Shane Robinson","Tyler Greene","Tony Cruz","Jake Westbrook",,
"SLN201205110","20120511",0,"Friday",735,"F","N","ATL","SLN","STL10","minom001","garcj004","muchm901","bellw901","knigb901","wintm901","","",45190,"","","","","",1,1,76,8,4,0,0,0,236,12,9,7,13,13,0,1,10,11,"hernl003","mcclk001","kimbc001","","bourm001",8,"pradm001",7,"freef001",3,"uggld001",4,"mccab002",2,"jonec004",5,"heywj001",9,"pastt001",6,"minom001",1,"furcr001",6,"jay-j001",8,"hollm001",7,"beltc001",9,"craia001",3,"moliy001",2,"carpm002",5,"greet004",4,"garcj004",1,"kimbc001","mcclk001","N","N",,,72,,,,203000110002,010230010000,48,5,0,2,7,1,0,0,6,1,9,0,0,0,0,8,7,7,0,0,36,10,0,1,0,46,2,1,4,7,2,0,1,5,2,13,0,0,1,0,6,8,8,1,0,36,12,2,0,0,,,,,,,,,,,"Livan Hernandez","Kyle McClellan","Craig Kimbrel","heywj001","Jason Heyward","Michael Bourn","Martin Prado","Freddie Freeman","Dan Uggla","Brian McCann","Chipper Jones","Jason Heyward","Tyler Pastornicky","Mike Minor","Rafael Furcal","Jon Jay","Matt Holliday","Carlos Beltran","Allen Craig","Yadier Molina","Matt Carpenter","Tyler Greene","Jaime Garcia",,
"SLN201205120","20120512",0,"Saturday",616,"F","N","ATL","SLN","STL10","beacb001","waina001","bellw901","knigb901","wintm901","muchm901","","",44157,"","","","","",1,1,78,3,4,0,0,2,175,9,7,2,13,5,1,0,13,5,"beacb001","waina001","","","bourm001",8,"pradm001",7,"freef001",3,"uggld001",4,"mccab002",2,"jonec004",5,"heywj001",9,"pastt001",6,"beacb001",1,"furcr001",6,"beltc001",9,"hollm001",7,"craia001",3,"freed001",5,"moliy001",2,"jay-j001",8,"greet004",4,"waina001",1,"martc005","romej001","N","N",,,54,,,,201020011,000001010,40,1,0,1,7,0,0,0,7,0,10,0,0,0,0,3,2,2,1,0,27,8,0,2,0,29,0,1,0,2,0,1,0,4,0,9,0,0,2,0,3,7,7,0,0,27,7,0,0,0,,,,,,,,,,,"Brandon Beachy","Adam Wainwright","(none)","uggld001","Dan Uggla","Michael Bourn","Martin Prado","Freddie Freeman","Dan Uggla","Brian McCann","Chipper Jones","Jason Heyward","Tyler Pastornicky","Brandon Beachy","Rafael Furcal","Carlos Beltran","Matt Holliday","Allen Craig","David Freese","Yadier Molina","Jon Jay","Tyler Greene","Adam Wainwright",,
"SLN201205130","20120513",0,"Sunday",116,"F","D","ATL","SLN","STL10","hanst001","lynnl001","knigb901","wintm901","muchm901","bellw901","","",45729,"","","","","",1,1,74,6,9,0,0,1,213,9,7,4,10,10,1,1,8,10,"hanst001","lynnl001","","","bourm001",8,"pradm001",7,"freef001",3,"uggld001",4,"heywj001",9,"franj005",5,"rossd001",2,"pastt001",6,"hanst001",1,"furcr001",6,"jay-j001",8,"beltc001",9,"craia001",7,"berkl001",3,"freed001",5,"descd001",4,"cruzt002",2,"lynnl001",1,"ventj001","rzepm001","N","N",,,54,,,,003000310,000001003,36,5,0,0,7,0,0,1,5,0,11,2,1,1,0,5,4,4,1,0,27,4,0,0,0,37,1,0,2,4,0,0,0,4,0,14,2,0,0,0,4,7,7,0,0,27,10,1,2,0,,,,,,,,,,,"Tommy Hanson","Lance Lynn","(none)","heywj001","Jason Heyward","Michael Bourn","Martin Prado","Freddie Freeman","Dan Uggla","Jason Heyward","Juan Francisco","David Ross","Tyler Pastornicky","Tommy Hanson","Rafael Furcal","Jon Jay","Carlos Beltran","Allen Craig","Lance Berkman","David Freese","Daniel Descalso","Tony Cruz","Lance Lynn",,
"SLN201205140","20120514",0,"Monday",608,"F","N","CHN","SLN","STL10","dempr002","westj001","hicke901","rapue901","herna901","carlm901","","",44276,"","","","","",1,1,79,4,5,0,0,2,195,9,6,4,15,10,0,2,14,6,"camps002","boggm001","dolir001","","dejed001",9,"campt001",8,"casts001",6,"lahab001",3,"soria001",7,"stewi001",5,"sotog001",2,"barnd001",4,"dempr002",1,"furcr001",6,"jay-j001",8,"hollm001",7,"craia001",9,"berkl001",3,"freed001",5,"moliy001",2,"schus001",4,"westj001",1,"dolir001","boggm001","N","N",,,54,,,,000040011,000004000,39,2,0,1,5,2,0,1,5,3,7,2,1,2,0,3,4,4,0,0,27,10,0,0,0,36,3,0,0,4,0,0,0,1,0,8,0,0,0,0,4,5,5,0,0,27,16,0,2,0,,,,,,,,,,,"Shawn Camp","Mitchell Boggs","Rafael Dolis","soria001","Alfonso Soriano","David DeJesus","Tony Campana","Starlin Castro","Bryan LaHair","Alfonso Soriano","Ian Stewart","Geovany Soto","Darwin Barney","Ryan Dempster","Rafael Furcal","Jon Jay","Matt Holliday","Allen Craig","Lance Berkman","David Freese","Yadier Molina","Skip Schumaker","Jake Westbrook",,
"SLN201205150","20120515",0,"Tuesday",1245,"F","D","CHN","SLN","STL10","mahop002","lohsk001","rapue901","herna901","carlm901","hicke901","","",45538,"","","","","",1,1,80,3,7,0,0,1,169,9,6,7,10,12,0,0,3,9,"mottj001","dolir001","","","dejed001",9,"campt001",8,"casts001",6,"lahab001",3,"soria001",7,"stewi001",5,"castw002",2,"barnd001",4,"mahop002",1,"furcr001",6,"schus001",8,"hollm001",7,"craia001",9,"freed001",5,"moliy001",2,"carpm002",3,"greet004",4,"lohsk001",1,"dolir001","mottj001","N","N",,,53,,,,300001101,210010111,35,2,0,2,5,0,0,0,1,0,5,0,0,2,0,4,7,7,0,0,26,14,0,2,0,35,2,1,2,7,1,0,0,6,1,7,0,0,2,0,3,6,6,0,0,27,9,0,2,0,,,,,,,,,,,"Jason Motte","Rafael Dolis","(none)","moliy001","Yadier Molina","David DeJesus","Tony Campana","Starlin Castro","Bryan LaHair","Alfonso Soriano","Ian Stewart","Welington Castillo","Darwin Barney","Paul Maholm","Rafael Furcal","Skip Schumaker","Matt Holliday","Allen Craig","David Freese","Yadier Molina","Matt Carpenter","Tyler Greene","Kyle Lohse",,
"SLN201205210","20120521",0,"Monday",716,"F","N","SDN","SLN","STL10","richc002","garcj004","belld901","laynj901","davib902","wendh902","","",40360,"","","","","",1,1,72,6,13,0,0,2,148,9,3,4,8,9,1,0,6,7,"mottj001","casha001","","","denoc001",9,"maybc001",8,"headc001",5,"alony001",3,"guzmj005",7,"hundn001",2,"amara001",4,"parra001",6,"richc002",1,"furcr001",6,"carpm002",5,"hollm001",7,"beltc001",9,"moliy001",2,"adamm002",3,"greet004",4,"robis001",8,"garcj004",1,"casha001","mottj001","N","N",,,51,,,,010000020,00000022x,32,3,0,0,3,1,1,0,2,1,8,1,1,0,0,2,4,4,0,0,24,12,0,1,0,33,2,0,1,4,0,0,1,1,0,4,0,0,1,0,4,3,3,0,1,27,14,0,0,0,,,,,,,,,,,"Jason Motte","Andrew Cashner","(none)","greet004","Tyler Greene","Chris Denorfia","Cameron Maybin","Chase Headley","Yonder Alonso","Jesus Guzman","Nick Hundley","Alexi Amarista","Andy Parrino","Clayton Richard","Rafael Furcal","Matt Carpenter","Matt Holliday","Carlos Beltran","Yadier Molina","Matt Adams","Tyler Greene","Shane Robinson","Jaime Garcia",,
"SLN201205220","20120522",0,"Tuesday",716,"F","N","SDN","SLN","STL10","volqe001","waina001","laynj901","davib902","wendh902","belld901","","",39151,"","","","","",1,1,77,7,2,0,0,1,154,9,0,4,4,6,0,0,4,8,"waina001","volqe001","","","venaw001",9,"maybc001",8,"alony001",3,"guzmj005",7,"bakej002",2,"amara001",4,"cabre001",6,"parra001",5,"volqe001",1,"furcr001",6,"carpm002",5,"hollm001",7,"beltc001",9,"moliy001",2,"adamm002",3,"greet004",4,"chama002",8,"waina001",1,"palmm001","","N","N",,,51,,,,000000000,10000210x,30,2,0,0,0,0,0,0,1,0,9,0,0,0,0,3,4,4,0,0,24,15,0,1,0,29,2,0,0,4,0,0,1,6,2,3,1,1,1,0,1,0,0,0,0,27,10,0,1,0,,,,,,,,,,,"Adam Wainwright","Edinson Volquez","(none)","beltc001","Carlos Beltran","Will Venable","Cameron Maybin","Yonder Alonso","Jesus Guzman","John Baker","Alexi Amarista","Everth Cabrera","Andy Parrino","Edinson Volquez","Rafael Furcal","Matt Carpenter","Matt Holliday","Carlos Beltran","Yadier Molina","Matt Adams","Tyler Greene","Adron Chambers","Adam Wainwright",,
"SLN201205230","20120523",0,"Wednesday",717,"F","N","SDN","SLN","STL10","suppj001","lynnl001","davib902","wendh902","belld901","laynj901","","",40715,"","","","","",1,1,85,8,12,0,0,1,172,9,3,6,10,10,0,0,10,8,"lynnl001","suppj001","mottj001","","venaw001",9,"maybc001",8,"alony001",3,"guzmj005",7,"headc001",5,"hundn001",2,"parra001",6,"cabre001",4,"suppj001",1,"furcr001",6,"schus001",8,"hollm001",7,"beltc001",9,"freed001",5,"moliy001",2,"adamm002",3,"greet004",4,"lynnl001",1,"thatj001","mottj001","N","N",,,51,,,,300000000,30002010x,35,1,0,1,3,0,0,2,3,0,4,0,1,1,0,4,6,6,0,0,24,11,0,0,0,33,3,0,2,6,1,0,0,4,1,5,1,0,0,0,4,3,3,0,0,27,11,0,1,0,,,,,,,,,,,"Lance Lynn","Jeff Suppan","Jason Motte","beltc001","Carlos Beltran","Will Venable","Cameron Maybin","Yonder Alonso","Jesus Guzman","Chase Headley","Nick Hundley","Andy Parrino","Everth Cabrera","Jeff Suppan","Rafael Furcal","Skip Schumaker","Matt Holliday","Carlos Beltran","David Freese","Yadier Molina","Matt Adams","Tyler Greene","Lance Lynn",,
"SLN201205240","20120524",0,"Thursday",715,"F","N","PHI","SLN","STL10","blanj001","westj001","drakr901","westj901","holbs901","fleta901","","",40135,"","","","","",1,1,87,0,26,0,0,2,211,9,10,9,18,15,1,1,13,8,"valdr002","salaf001","papej001","","rollj001",6,"polap001",5,"pench001",9,"ruizc001",2,"victs001",8,"wiggt001",3,"maybj001",7,"galvf001",4,"blanj001",1,"furcr001",6,"schus001",8,"hollm001",7,"beltc001",9,"freed001",5,"moliy001",2,"adamm002",3,"greet004",4,"westj001",1,"papej001","boggm001","N","N",,,54,,,,420012010,004030110,46,3,0,1,10,0,0,1,3,0,9,0,0,0,0,6,9,9,0,0,27,8,0,0,0,41,4,0,3,9,0,1,0,2,0,10,0,0,0,0,5,9,9,0,0,27,9,0,0,0,,,,,,,,,,,"Raul Valdes","Fernando Salas","Jonathan Papelbon","galvf001","Freddy Galvis","Jimmy Rollins","Placido Polanco","Hunter Pence","Carlos Ruiz","Shane Victorino","Ty Wigginton","John Mayberry","Freddy Galvis","Joe Blanton","Rafael Furcal","Skip Schumaker","Matt Holliday","Carlos Beltran","David Freese","Yadier Molina","Matt Adams","Tyler Greene","Jake Westbrook",,
"SLN201205250","20120525",0,"Friday",714,"F","N","PHI","SLN","STL10","lee-c003","lohsk001","westj901","holbs901","fleta901","drakr901","","",43375,"","","","","",1,1,90,0,12,0,0,2,196,10,5,3,9,11,0,2,7,9,"valdr002","mottj001","papej001","","rollj001",6,"pierj002",7,"pench001",9,"ruizc001",2,"victs001",8,"wiggt001",3,"polap001",5,"galvf001",4,"lee-c003",1,"furcr001",6,"greet004",4,"hollm001",7,"beltc001",9,"freed001",5,"moliy001",2,"adamm002",3,"robis001",8,"lohsk001",1,"papej001","mottj001","N","N",,,60,,,,0200001002,0111000000,40,2,0,1,4,0,0,1,1,0,1,0,0,1,0,5,3,3,1,0,30,13,0,1,0,37,3,1,1,3,1,0,0,4,0,11,0,0,1,0,3,4,4,0,0,30,15,0,1,0,,,,,,,,,,,"Raul Valdes","Jason Motte","Jonathan Papelbon","pench001","Hunter Pence","Jimmy Rollins","Juan Pierre","Hunter Pence","Carlos Ruiz","Shane Victorino","Ty Wigginton","Placido Polanco","Freddy Galvis","Cliff Lee","Rafael Furcal","Tyler Greene","Matt Holliday","Carlos Beltran","David Freese","Yadier Molina","Matt Adams","Shane Robinson","Kyle Lohse",,
"SLN201205260","20120526",0,"Saturday",616,"F","N","PHI","SLN","STL10","kendk001","garcj004","holbs901","fleta901","drakr901","westj901","","",44476,"","","","","",1,1,94,2,10,0,0,1,146,9,4,0,7,7,0,0,6,5,"kendk001","garcj004","","","rollj001",6,"polap001",5,"pench001",9,"wiggt001",3,"victs001",8,"maybj001",7,"galvf001",4,"schnb001",2,"kendk001",1,"schus001",8,"greet004",6,"hollm001",7,"beltc001",9,"freed001",5,"adamm002",3,"cruzt002",2,"descd001",4,"garcj004",1,"","fickc001","N","N",,,54,,,,000103000,000000000,32,4,0,0,4,2,0,0,3,0,8,0,0,0,0,1,0,0,0,0,27,13,0,2,0,32,1,0,0,0,0,0,0,0,0,4,0,0,2,0,3,4,4,2,0,27,7,0,0,0,,,,,,,,,,,"Kyle Kendrick","Jaime Garcia","(none)","victs001","Shane Victorino","Jimmy Rollins","Placido Polanco","Hunter Pence","Ty Wigginton","Shane Victorino","John Mayberry","Freddy Galvis","Brian Schneider","Kyle Kendrick","Skip Schumaker","Tyler Greene","Matt Holliday","Carlos Beltran","David Freese","Matt Adams","Tony Cruz","Daniel Descalso","Jaime Garcia",,
"SLN201205270","20120527",0,"Sunday",117,"F","D","PHI","SLN","STL10","hallr001","waina001","fleta901","drakr901","westj901","holbs901","","",42659,"","","","","",1,1,90,1,3,0,0,1,155,9,3,8,11,11,0,0,9,3,"waina001","hallr001","","","rollj001",6,"pierj002",7,"pench001",9,"ruizc001",2,"victs001",8,"lunah001",3,"galvf001",4,"fontm001",5,"hallr001",1,"furcr001",6,"schus001",8,"hollm001",7,"beltc001",9,"freed001",5,"moliy001",2,"adamm002",3,"descd001",4,"waina001",1,"valdr002","boggm001","N","N",,,51,,,,001000011,40003100x,36,4,0,0,3,1,0,1,1,0,3,0,0,0,0,5,8,8,0,0,24,13,0,2,0,33,2,0,3,8,0,0,0,2,0,4,0,0,1,0,5,3,3,0,0,27,15,0,0,0,,,,,,,,,,,"Adam Wainwright","Roy Halladay","(none)","moliy001","Yadier Molina","Jimmy Rollins","Juan Pierre","Hunter Pence","Carlos Ruiz","Shane Victorino","Hector Luna","Freddy Galvis","Mike Fontenot","Roy Halladay","Rafael Furcal","Skip Schumaker","Matt Holliday","Carlos Beltran","David Freese","Yadier Molina","Matt Adams","Daniel Descalso","Adam Wainwright",,
"SLN201206080","20120608",0,"Friday",715,"F","N","CLE","SLN","STL10","tomlj001","westj001","wintm901","wegnm901","bellw901","knigb901","","",42098,"","","","","",1,1,87,0,5,0,0,1,154,9,6,2,11,10,0,3,8,8,"tomlj001","westj001","","","choos001",9,"cabra002",6,"kipnj001",4,"santc002",2,"branm003",8,"damoj001",7,"kotcc001",3,"chisl001",5,"tomlj001",1,"furcr001",6,"beltc001",9,"hollm001",7,"craia001",3,"freed001",5,"moliy001",2,"descd001",4,"robis001",8,"westj001",1,"hagan001","frees001","A","N",,,54,,,,200110200,000000200,40,1,0,1,6,0,0,0,1,0,8,0,0,1,0,3,2,2,1,0,27,9,0,1,0,36,1,0,0,2,0,0,0,1,0,5,0,0,1,0,4,5,5,0,0,27,13,0,1,0,,,,,,,,,,,"Josh Tomlin","Jake Westbrook","(none)","santc002","Carlos Santana","Shin-Soo Choo","Asdrubal Cabrera","Jason Kipnis","Carlos Santana","Michael Brantley","Johnny Damon","Casey Kotchman","Lonnie Chisenhall","Josh Tomlin","Rafael Furcal","Carlos Beltran","Matt Holliday","Allen Craig","David Freese","Yadier Molina","Daniel Descalso","Shane Robinson","Jake Westbrook",,
"SLN201206090","20120609",0,"Saturday",615,"F","N","CLE","SLN","STL10","mastj001","lohsk001","wegnm901","bellw901","knigb901","wintm901","","",41694,"","","","","",1,1,89,1,12,0,0,2,134,9,0,2,3,7,0,1,5,5,"lohsk001","mastj001","mottj001","","choos001",9,"cabra002",6,"kipnj001",4,"santc002",2,"branm003",8,"damoj001",7,"kotcc001",3,"chisl001",5,"mastj001",1,"furcr001",6,"beltc001",9,"moliy001",2,"craia001",7,"adamm002",3,"freed001",5,"descd001",4,"robis001",8,"lohsk001",1,"accaj001","mottj001","A","N",,,51,,,,000000000,00100001x,30,0,0,0,0,0,0,0,2,0,4,0,1,0,0,2,2,2,0,0,24,9,0,0,0,28,3,0,1,2,1,1,0,1,1,6,0,1,0,0,3,0,0,0,0,27,13,0,0,0,,,,,,,,,,,"Kyle Lohse","Justin Masterson","Jason Motte","beltc001","Carlos Beltran","Shin-Soo Choo","Asdrubal Cabrera","Jason Kipnis","Carlos Santana","Michael Brantley","Johnny Damon","Casey Kotchman","Lonnie Chisenhall","Justin Masterson","Rafael Furcal","Carlos Beltran","Yadier Molina","Allen Craig","Matt Adams","David Freese","Daniel Descalso","Shane Robinson","Kyle Lohse",,
"SLN201206100","20120610",0,"Sunday",117,"F","D","CLE","SLN","STL10","jimeu001","kellj001","bellw901","knigb901","wintm901","wegnm901","","",43400,"","","","","",1,1,87,8,14,0,0,2,186,9,4,1,10,6,0,0,10,7,"pestv001","mottj001","perec002","","choos001",9,"cabra002",6,"kipnj001",4,"santc002",3,"branm003",8,"lopej003",5,"duncs001",7,"marsl001",2,"jimeu001",1,"furcr001",6,"beltc001",9,"moliy001",2,"craia001",7,"adamm002",3,"freed001",5,"descd001",4,"chama002",8,"kellj001",1,"perec002","mottj001","A","N",,,54,,,,001000003,100000000,36,2,0,1,4,0,1,0,4,0,9,1,0,0,0,3,1,1,1,0,27,7,0,1,0,32,0,0,1,1,0,0,0,3,0,10,1,0,1,0,5,4,4,1,0,27,7,0,0,0,,,,,,,,,,,"Vinnie Pestano","Jason Motte","Chris Perez","kipnj001","Jason Kipnis","Shin-Soo Choo","Asdrubal Cabrera","Jason Kipnis","Carlos Santana","Michael Brantley","Jose Lopez","Shelley Duncan","Lou Marson","Ubaldo Jimenez","Rafael Furcal","Carlos Beltran","Yadier Molina","Allen Craig","Matt Adams","David Freese","Daniel Descalso","Adron Chambers","Joe Kelly",,
"SLN201206120","20120612",0,"Tuesday",716,"F","N","CHA","SLN","STL10","quinj001","waina001","welkb901","guccc901","tscht901","nelsj901","","",40972,"","","","","",1,1,79,5,10,0,0,1,160,9,6,1,11,11,0,0,5,7,"quinj001","waina001","","","deaza001",8,"beckg001",4,"dunna001",7,"konep001",3,"riosa002",9,"piera001",2,"ramia003",6,"hudso001",5,"quinj001",1,"furcr001",6,"moliy001",2,"hollm001",7,"beltc001",9,"craia001",3,"freed001",5,"greet004",4,"robis001",8,"waina001",1,"reeda001","salaf001","A","N",,,54,,,,020000040,000001000,36,2,1,2,6,0,0,0,2,0,7,0,0,0,0,5,1,1,0,0,27,11,0,3,0,35,3,0,0,1,0,0,0,0,0,7,0,0,3,0,4,6,6,0,0,27,10,0,1,0,,,,,,,,,,,"Jose Quintana","Adam Wainwright","(none)","hudso001","Orlando Hudson","Alejandro de Aza","Gordon Beckham","Adam Dunn","Paul Konerko","Alex Rios","A.J. Pierzynski","Alexei Ramirez","Orlando Hudson","Jose Quintana","Rafael Furcal","Yadier Molina","Matt Holliday","Carlos Beltran","Allen Craig","David Freese","Tyler Greene","Shane Robinson","Adam Wainwright",,
"SLN201206130","20120613",0,"Wednesday",716,"F","N","CHA","SLN","STL10","peavj001","lynnl001","guccc901","tscht901","nelsj901","welkb901","","",40045,"","","","","",1,1,80,8,7,0,0,1,144,9,0,1,5,4,1,0,4,5,"lynnl001","peavj001","mottj001","","deaza001",8,"beckg001",4,"vicid001",7,"konep001",3,"riosa002",9,"piera001",2,"ramia003",6,"hudso001",5,"peavj001",1,"furcr001",6,"beltc001",9,"hollm001",7,"craia001",3,"freed001",5,"moliy001",2,"descd001",4,"robis001",8,"lynnl001",1,"jonen001","mottj001","A","N",,,51,,,,000000000,00100000x,29,0,1,0,0,1,0,0,1,1,12,0,0,2,0,2,1,1,0,0,24,5,0,0,0,28,0,0,1,1,0,0,0,2,0,7,0,0,0,0,3,0,0,0,0,27,11,0,2,0,,,,,,,,,,,"Lance Lynn","Jake Peavy","Jason Motte","beltc001","Carlos Beltran","Alejandro de Aza","Gordon Beckham","Dayan Viciedo","Paul Konerko","Alex Rios","A.J. Pierzynski","Alexei Ramirez","Orlando Hudson","Jake Peavy","Rafael Furcal","Carlos Beltran","Matt Holliday","Allen Craig","David Freese","Yadier Molina","Daniel Descalso","Shane Robinson","Lance Lynn",,
"SLN201206140","20120614",0,"Thursday",715,"F","N","CHA","SLN","STL10","floyg001","westj001","tscht901","nelsj901","blasc901","guccc901","","",43464,"","","","","",1,1,87,8,11,0,0,1,155,9,3,5,5,9,1,0,4,8,"westj001","floyg001","mottj001","","deaza001",8,"beckg001",4,"dunna001",7,"konep001",3,"riosa002",9,"piera001",2,"ramia003",6,"hudso001",5,"floyg001",1,"furcr001",6,"descd001",4,"hollm001",7,"craia001",9,"freed001",5,"moliy001",2,"adamm002",3,"chama002",8,"westj001",1,"thorm001","mottj001","A","N",,,51,,,,000003000,01202000x,31,0,0,1,3,0,0,1,2,0,2,0,0,1,0,5,5,5,1,0,24,14,0,1,0,32,3,0,1,5,0,0,0,5,1,5,1,1,1,0,5,3,3,1,0,27,15,0,1,0,,,,,,,,,,,"Jake Westbrook","Gavin Floyd","Jason Motte","freed001","David Freese","Alejandro de Aza","Gordon Beckham","Adam Dunn","Paul Konerko","Alex Rios","A.J. Pierzynski","Alexei Ramirez","Orlando Hudson","Gavin Floyd","Rafael Furcal","Daniel Descalso","Matt Holliday","Allen Craig","David Freese","Yadier Molina","Matt Adams","Adron Chambers","Jake Westbrook",,
"SLN201206150","20120615",0,"Friday",715,"F","N","KCA","SLN","STL10","mazzv001","lohsk001","porta901","danlk901","nauep901","demud901","","",42001,"","","","","",1,1,90,8,12,0,0,1,159,9,3,2,11,11,1,0,9,6,"mazzv001","lohsk001","broxj001","","gorda001",7,"getzc001",4,"hosme001",3,"franj004",9,"mousm001",5,"penab002",2,"escoa003",6,"dysoj001",8,"mazzv001",1,"descd001",4,"craia001",9,"hollm001",7,"beltc001",8,"freed001",5,"moliy001",2,"adamm002",3,"greet004",6,"lohsk001",1,"broxj001","frees001","A","N",,,54,,,,011000100,000000200,34,2,0,0,3,2,1,0,2,0,5,1,0,0,0,5,2,2,0,0,27,14,1,2,0,34,1,0,0,2,0,0,0,1,0,6,2,1,2,0,3,3,3,0,0,27,11,0,0,0,,,,,,,,,,,"Vin Mazzaro","Kyle Lohse","Jonathan Broxton","dysoj001","Jarrod Dyson","Alex Gordon","Chris Getz","Eric Hosmer","Jeff Francoeur","Mike Moustakas","Brayan Pena","Alcides Escobar","Jarrod Dyson","Vin Mazzaro","Daniel Descalso","Allen Craig","Matt Holliday","Carlos Beltran","David Freese","Yadier Molina","Matt Adams","Tyler Greene","Kyle Lohse",,
"SLN201206160","20120616",0,"Saturday",117,"F","D","KCA","SLN","STL10","chenb001","kellj001","danlk901","nauep901","demud901","porta901","","",42018,"","","","","",1,1,89,8,9,0,0,2,218,9,7,10,14,14,0,2,10,7,"boggm001","collt001","mottj001","","gorda001",7,"getzc001",4,"hosme001",3,"franj004",9,"mousm001",5,"penab002",2,"escoa003",6,"dysoj001",8,"chenb001",1,"furcr001",6,"beltc001",9,"hollm001",7,"craia001",3,"freed001",5,"moliy001",2,"robis001",8,"greet004",4,"kellj001",1,"herrk001","mottj001","A","N",,,51,,,,100111300,42000031x,39,1,0,1,7,0,0,1,4,0,6,1,0,1,0,6,10,10,0,0,24,12,0,1,0,34,3,0,2,10,2,0,0,5,1,4,0,1,1,0,7,6,6,0,0,27,13,0,1,0,,,,,,,,,,,"Mitchell Boggs","Tim Collins","Jason Motte","moliy001","Yadier Molina","Alex Gordon","Chris Getz","Eric Hosmer","Jeff Francoeur","Mike Moustakas","Brayan Pena","Alcides Escobar","Jarrod Dyson","Bruce Chen","Rafael Furcal","Carlos Beltran","Matt Holliday","Allen Craig","David Freese","Yadier Molina","Shane Robinson","Tyler Greene","Joe Kelly",,
"SLN201206170","20120617",0,"Sunday",116,"F","D","KCA","SLN","STL10","mendl001","waina001","nauep901","demud901","porta901","estam901","","",41680,"","","","","",1,1,83,3,3,0,0,2,300,15,5,3,13,11,0,1,16,9,"broxj001","sance001","","","gorda001",7,"getzc001",4,"hosme001",3,"franj004",9,"mousm001",5,"escoa003",6,"quinh001",2,"dysoj001",8,"mendl001",1,"descd001",4,"beltc001",8,"hollm001",7,"craia001",9,"freed001",5,"adamm002",3,"greet004",6,"cruzt002",2,"waina001",1,"broxj001","sance001","A","N",,,90,,,,010000001000012,000002000000010,55,1,0,2,5,1,0,0,10,2,16,1,0,2,0,8,3,3,1,0,45,16,0,2,0,52,2,0,2,3,1,0,0,4,2,15,0,1,2,0,7,5,5,0,0,45,20,0,2,0,,,,,,,,,,,"Jonathan Broxton","Eduardo Sanchez","(none)","betay001","Yuniesky Betancourt","Alex Gordon","Chris Getz","Eric Hosmer","Jeff Francoeur","Mike Moustakas","Alcides Escobar","Humberto Quintero","Jarrod Dyson","Luis Mendoza","Daniel Descalso","Carlos Beltran","Matt Holliday","Allen Craig","David Freese","Matt Adams","Tyler Greene","Tony Cruz","Adam Wainwright",,
"SLN201206290","20120629",0,"Friday",716,"F","N","PIT","SLN","STL10","corrk001","waina001","kulpr901","reybd901","wolfj901","cousd901","","",45382,"","","","","",1,1,101,8,11,0,0,1,189,9,14,5,19,7,0,0,10,4,"corrk001","waina001","","","suttd002",7,"tabaj002",9,"mccua001",8,"joneg002",3,"walkn001",4,"alvap001",5,"barar001",2,"barmc001",6,"corrk001",1,"furcr001",6,"jay-j001",8,"hollm001",7,"beltc001",9,"craia001",3,"moliy001",2,"freed001",5,"descd001",4,"waina001",1,"resoc001","rzepm001","N","N",,,54,,,,200034023,014000000,46,2,0,4,14,0,0,0,5,0,8,0,0,0,0,3,5,5,0,0,27,14,0,0,0,34,1,0,1,5,0,0,0,2,0,8,0,0,0,0,5,14,14,0,0,27,5,0,0,0,,,,,,,,,,,"Kevin Correia","Adam Wainwright","(none)","barmc001","Clint Barmes","Drew Sutton","Jose Tabata","Andrew McCutchen","Garrett Jones","Neil Walker","Pedro Alvarez","Rod Barajas","Clint Barmes","Kevin Correia","Rafael Furcal","Jon Jay","Matt Holliday","Carlos Beltran","Allen Craig","Yadier Molina","David Freese","Daniel Descalso","Adam Wainwright",,
"SLN201206300","20120630",0,"Saturday",117,"F","D","PIT","SLN","STL10","karsj001","lynnl001","reybd901","wolfj901","cousd901","kulpr901","","",37162,"","","","","",1,1,99,4,6,0,0,1,184,9,7,3,8,6,0,0,7,5,"karsj001","lynnl001","hughj001","","presa001",7,"tabaj002",9,"mccua001",8,"joneg002",3,"walkn001",4,"alvap001",5,"barmc001",6,"mckem001",2,"karsj001",1,"schus001",4,"jay-j001",8,"hollm001",7,"beltc001",9,"craia001",3,"freed001",5,"descd001",6,"cruzt002",2,"lynnl001",1,"hughj001","martv002","N","N",,,54,,,,400020001,002000010,35,3,0,1,7,1,0,1,4,1,11,1,0,0,0,3,3,3,0,0,27,11,0,0,0,32,3,0,0,3,1,0,0,2,0,8,2,0,0,0,4,7,7,1,0,27,11,0,0,0,,,,,,,,,,,"Jeff Karstens","Lance Lynn","Jared Hughes","alvap001","Pedro Alvarez","Alex Presley","Jose Tabata","Andrew McCutchen","Garrett Jones","Neil Walker","Pedro Alvarez","Clint Barmes","Michael McKenry","Jeff Karstens","Skip Schumaker","Jon Jay","Matt Holliday","Carlos Beltran","Allen Craig","David Freese","Daniel Descalso","Tony Cruz","Lance Lynn",,
"SLN201207010","20120701",0,"Sunday",115,"F","D","PIT","SLN","STL10","bedae001","westj001","wolfj901","cousd901","kulpr901","reybd901","","",37821,"","","","","",1,1,98,5,11,0,0,1,193,9,4,5,12,9,0,1,8,7,"westj001","bedae001","mottj001","","presa001",8,"tabaj002",9,"joneg002",3,"walkn001",4,"alvap001",5,"suttd002",7,"barmc001",6,"mckem001",2,"bedae001",1,"furcr001",6,"carpm002",3,"hollm001",7,"craia001",9,"freed001",5,"moliy001",2,"robis001",8,"greet004",4,"westj001",1,"watst001","mottj001","N","N",,,51,,,,000400000,01202000x,37,1,1,1,4,1,0,0,1,0,8,0,1,1,0,4,5,5,0,0,24,9,0,1,0,31,1,0,2,5,1,0,1,3,1,8,0,0,1,0,4,4,4,0,0,27,11,0,1,0,,,,,,,,,,,"Jake Westbrook","Erik Bedard","Jason Motte","robis001","Shane Robinson","Alex Presley","Jose Tabata","Garrett Jones","Neil Walker","Pedro Alvarez","Drew Sutton","Clint Barmes","Michael McKenry","Erik Bedard","Rafael Furcal","Matt Carpenter","Matt Holliday","Allen Craig","David Freese","Yadier Molina","Shane Robinson","Tyler Greene","Jake Westbrook",,
"SLN201207020","20120702",0,"Monday",715,"F","N","COL","SLN","STL10","outmj001","lohsk001","schrp901","welkt901","porta901","everm901","","",39456,"","","","","",1,1,84,5,7,0,0,0,192,9,3,9,11,10,1,0,9,9,"lohsk001","chatt001","","","youne003",8,"scutm001",6,"gonzc001",7,"cuddm001",3,"colvt001",9,"pachj001",5,"nelsc001",4,"rosaw001",2,"outmj001",1,"furcr001",6,"jay-j001",8,"hollm001",7,"beltc001",9,"craia001",3,"moliy001",2,"freed001",5,"descd001",4,"lohsk001",1,"reynm002","cletm001","N","N",,,51,,,,000200001,10103121x,36,0,0,2,3,1,0,0,2,0,7,0,0,1,0,4,7,7,4,0,24,11,0,1,0,32,1,0,3,8,0,2,0,8,0,6,1,1,0,0,3,3,3,0,0,27,12,0,1,0,,,,,,,,,,,"Kyle Lohse","Tyler Chatwood","(none)","beltc001","Carlos Beltran","Eric Young","Marco Scutaro","Carlos Gonzalez","Michael Cuddyer","Tyler Colvin","Jordan Pacheco","Chris Nelson","Wilin Rosario","Josh Outman","Rafael Furcal","Jon Jay","Matt Holliday","Carlos Beltran","Allen Craig","Yadier Molina","David Freese","Daniel Descalso","Kyle Lohse",,
"SLN201207030","20120703",0,"Tuesday",716,"F","N","COL","SLN","STL10","franj003","kellj001","welkt901","porta901","everm901","schrp901","","",41701,"","","","","",1,1,97,1,14,0,0,2,180,9,3,2,5,9,0,1,7,9,"franj003","kellj001","betar001","","colvt001",8,"scutm001",4,"gonzc001",7,"cuddm001",9,"heltt001",3,"nelsc001",5,"rosaw001",2,"herrj002",6,"franj003",1,"furcr001",6,"jay-j001",8,"hollm001",7,"beltc001",9,"craia001",3,"moliy001",2,"freed001",5,"greet004",4,"kellj001",1,"betar001","salaf001","N","N",,,54,,,,003000000,200000000,32,0,0,1,3,0,0,0,5,0,9,0,0,1,0,5,2,2,0,0,27,13,0,0,0,35,0,0,1,2,0,0,0,3,0,5,1,1,0,0,3,2,2,0,0,27,9,0,1,0,,,,,,,,,,,"Jeff Francis","Joe Kelly","Rafael Betancourt","colvt001","Tyler Colvin","Tyler Colvin","Marco Scutaro","Carlos Gonzalez","Michael Cuddyer","Todd Helton","Chris Nelson","Wilin Rosario","Jonathan Herrera","Jeff Francis","Rafael Furcal","Jon Jay","Matt Holliday","Carlos Beltran","Allen Craig","Yadier Molina","David Freese","Tyler Greene","Joe Kelly",,
"SLN201207040","20120704",0,"Wednesday",616,"F","N","COL","SLN","STL10","guthj001","waina001","porta901","everm901","schrp901","welkt901","","",42338,"","","","","",1,1,103,3,9,0,0,1,174,9,1,4,10,9,2,0,9,8,"waina001","guthj001","mottj001","","fowld001",8,"scutm001",4,"gonzc001",7,"colvt001",9,"heltt001",3,"nelsc001",5,"nievw001",2,"herrj002",6,"guthj001",1,"furcr001",6,"jay-j001",8,"hollm001",7,"beltc001",9,"craia001",3,"moliy001",2,"freed001",5,"schus001",4,"waina001",1,"torrc001","mottj001","N","N",,,51,,,,000010000,11000002x,36,2,1,0,1,0,0,0,1,0,13,0,0,1,0,4,4,4,0,0,24,10,0,0,0,31,1,0,0,4,1,0,1,3,1,3,3,0,0,0,4,1,1,0,0,27,8,0,1,0,,,,,,,,,,,"Adam Wainwright","Jeremy Guthrie","Jason Motte","hollm001","Matt Holliday","Dexter Fowler","Marco Scutaro","Carlos Gonzalez","Tyler Colvin","Todd Helton","Chris Nelson","Wil Nieves","Jonathan Herrera","Jeremy Guthrie","Rafael Furcal","Jon Jay","Matt Holliday","Carlos Beltran","Allen Craig","Yadier Molina","David Freese","Skip Schumaker","Adam Wainwright",,
"SLN201207050","20120705",0,"Thursday",717,"F","N","COL","SLN","STL10","friec001","lynnl001","everm901","schrp901","welkt901","porta901","","",41751,"","","","","",1,1,102,4,8,0,0,1,187,9,2,6,9,7,0,1,10,5,"lynnl001","friec001","mottj001","","fowld001",8,"scutm001",4,"gonzc001",7,"cuddm001",3,"colvt001",9,"pachj001",5,"rosaw001",2,"herrj002",6,"friec001",1,"furcr001",6,"jay-j001",8,"hollm001",7,"beltc001",9,"craia001",3,"moliy001",2,"freed001",5,"carpm002",4,"lynnl001",1,"torrc001","mottj001","N","N",,,51,,,,000000020,10005000x,37,1,0,1,2,0,0,0,2,0,9,0,0,0,0,4,6,6,1,0,24,14,0,1,0,30,1,0,0,6,1,0,0,4,0,7,0,0,1,0,6,2,2,0,0,27,7,0,0,0,,,,,,,,,,,"Lance Lynn","Christian Friedrich","Jason Motte","hollm001","Matt Holliday","Dexter Fowler","Marco Scutaro","Carlos Gonzalez","Michael Cuddyer","Tyler Colvin","Jordan Pacheco","Wilin Rosario","Jonathan Herrera","Christian Friedrich","Rafael Furcal","Jon Jay","Matt Holliday","Carlos Beltran","Allen Craig","Yadier Molina","David Freese","Matt Carpenter","Lance Lynn",,
"SLN201207060","20120706",0,"Friday",715,"F","N","MIA","SLN","STL10","nolar001","westj001","gibsg901","davig901","cuzzp901","gonzm901","","",46721,"","","","","",1,1,103,7,10,0,0,1,191,9,3,2,6,12,1,3,6,11,"nolar001","westj001","bellh001","","reyej001",6,"ramih003",5,"lee-c001",3,"morrl001",7,"ruggj001",8,"dobbg001",9,"infao001",4,"buckj001",2,"nolar001",1,"furcr001",6,"jay-j001",8,"hollm001",7,"beltc001",9,"craia001",3,"freed001",5,"descd001",4,"cruzt002",2,"westj001",1,"bellh001","salaf001","N","N",,,54,,,,000001110,010000001,31,0,0,1,2,1,0,2,2,0,5,0,0,3,0,4,1,1,0,0,27,13,0,2,0,36,6,0,0,2,1,0,2,1,0,5,0,0,2,0,4,2,2,0,0,27,15,0,3,0,,,,,,,,,,,"Ricky Nolasco","Jake Westbrook","Heath Bell","reyej001","Jose Reyes","Jose Reyes","Hanley Ramirez","Carlos Lee","Logan Morrison","Justin Ruggiano","Greg Dobbs","Omar Infante","John Buck","Ricky Nolasco","Rafael Furcal","Jon Jay","Matt Holliday","Carlos Beltran","Allen Craig","David Freese","Daniel Descalso","Tony Cruz","Jake Westbrook",,
"SLN201207070","20120707",0,"Saturday",311,"F","D","MIA","SLN","STL10","zambc001","lohsk001","davig901","cuzzp901","gonzm901","gibsg901","","",41312,"","","","","",1,1,106,7,4,0,0,2,149,9,2,3,6,8,1,1,5,9,"lohsk001","zambc001","mottj001","","reyej001",6,"ramih003",5,"lee-c001",3,"stanm004",9,"morrl001",7,"ruggj001",8,"solad001",4,"hayeb001",2,"zambc001",1,"furcr001",6,"jay-j001",8,"hollm001",7,"beltc001",9,"craia001",3,"freed001",5,"schus001",4,"cruzt002",2,"lohsk001",1,"leblw001","mottj001","N","N",,,51,,,,020000000,00030000x,33,1,0,1,2,0,0,0,1,0,6,0,0,0,0,2,3,3,0,0,24,10,0,0,0,32,2,1,0,3,0,0,2,2,0,8,0,0,0,0,3,2,2,0,0,27,8,0,0,0,,,,,,,,,,,"Kyle Lohse","Carlos Zambrano","Jason Motte","cruzt002","Tony Cruz","Jose Reyes","Hanley Ramirez","Carlos Lee","Giancarlo Stanton","Logan Morrison","Justin Ruggiano","Donovan Solano","Brett Hayes","Carlos Zambrano","Rafael Furcal","Jon Jay","Matt Holliday","Carlos Beltran","Allen Craig","David Freese","Skip Schumaker","Tony Cruz","Kyle Lohse",,
"SLN201207080","20120708",0,"Sunday",117,"F","D","MIA","SLN","STL10","sanca004","kellj001","cuzzp901","gonzm901","gibsg901","davig901","","",38436,"","","","","",1,1,94,6,5,0,0,2,206,9,4,5,6,8,1,1,7,6,"boggm001","bellh001","","","reyej001",6,"ramih003",5,"lee-c001",3,"morrl001",7,"ruggj001",8,"dobbg001",9,"infao001",4,"buckj001",2,"sanca004",1,"furcr001",6,"jay-j001",8,"hollm001",7,"beltc001",9,"craia001",3,"carpm002",5,"schus001",4,"cruzt002",2,"kellj001",1,"bellh001","boggm001","N","N",,,53,,,,100000300,010010003,29,1,0,1,3,1,0,0,8,0,8,3,1,1,0,4,5,5,0,0,26,9,0,0,0,33,3,0,0,5,0,1,0,3,0,6,0,0,0,0,7,3,3,0,0,27,13,0,2,0,,,,,,,,,,,"Mitchell Boggs","Heath Bell","(none)","furcr001","Rafael Furcal","Jose Reyes","Hanley Ramirez","Carlos Lee","Logan Morrison","Justin Ruggiano","Greg Dobbs","Omar Infante","John Buck","Anibal Sanchez","Rafael Furcal","Jon Jay","Matt Holliday","Carlos Beltran","Allen Craig","Matt Carpenter","Skip Schumaker","Tony Cruz","Joe Kelly",,
"SLN201207200","20120720",0,"Friday",715,"F","N","CHN","SLN","STL10","dempr002","lohsk001","cedeg901","muchm901","culbf901","johna901","","",43786,"","","","","",1,1,87,4,8,0,0,0,157,9,1,4,7,10,0,1,7,9,"lohsk001","dempr002","mottj001","","dejed001",8,"casts001",6,"rizza001",3,"soria001",7,"lahab001",9,"clevs001",2,"barnd001",4,"valbl001",5,"dempr002",1,"schus001",4,"craia001",9,"hollm001",7,"beltc001",8,"moliy001",2,"berkl001",3,"freed001",5,"furcr001",6,"lohsk001",1,"mains001","mottj001","N","N",,,51,,,,010000000,30100000x,33,1,0,0,1,0,1,0,1,0,6,0,0,1,0,3,4,4,0,0,24,9,0,0,0,34,2,0,1,4,0,0,0,3,0,4,1,0,0,0,4,1,1,0,0,27,8,0,1,0,,,,,,,,,,,"Kyle Lohse","Ryan Dempster","Jason Motte","beltc001","Carlos Beltran","David DeJesus","Starlin Castro","Anthony Rizzo","Alfonso Soriano","Bryan LaHair","Steve Clevenger","Darwin Barney","Luis Valbuena","Ryan Dempster","Skip Schumaker","Allen Craig","Matt Holliday","Carlos Beltran","Yadier Molina","Lance Berkman","David Freese","Rafael Furcal","Kyle Lohse",,
"SLN201207210","20120721",0,"Saturday",615,"F","N","CHN","SLN","STL10","garzm001","westj001","muchm901","culbf901","johna901","cedeg901","","",43424,"","","","","",1,1,93,6,5,0,0,2,179,9,0,12,4,17,0,0,6,9,"westj001","germj001","","","dejed001",8,"casts001",6,"rizza001",3,"soria001",7,"lahab001",9,"sotog001",2,"barnd001",4,"valbl001",5,"garzm001",1,"furcr001",6,"schus001",4,"hollm001",7,"beltc001",9,"moliy001",2,"berkl001",3,"freed001",5,"jay-j001",8,"westj001",1,"dolir001","roset001","N","N",,,51,,,,000000000,000000(12)0x,29,0,0,0,0,1,0,0,3,0,5,0,0,1,0,5,12,12,1,0,24,12,0,2,0,39,9,1,0,12,1,0,0,5,1,6,1,0,1,0,4,0,0,0,0,27,13,0,1,0,,,,,,,,,,,"Jake Westbrook","Justin Germano","(none)","furcr001","Rafael Furcal","David DeJesus","Starlin Castro","Anthony Rizzo","Alfonso Soriano","Bryan LaHair","Geovany Soto","Darwin Barney","Luis Valbuena","Matt Garza","Rafael Furcal","Skip Schumaker","Matt Holliday","Carlos Beltran","Yadier Molina","Lance Berkman","David Freese","Jon Jay","Jake Westbrook",,
"SLN201207220","20120722",0,"Sunday",117,"F","D","CHN","SLN","STL10","woodt004","lynnl001","culbf901","johna901","cedeg901","muchm901","","",42411,"","","","","",1,1,94,0,5,0,0,1,164,9,0,7,5,12,0,0,7,9,"lynnl001","woodt004","","","dejed001",8,"casts001",6,"rizza001",3,"soria001",7,"lahab001",9,"clevs001",2,"barnd001",4,"valbl001",5,"woodt004",1,"greet004",4,"craia001",3,"hollm001",7,"beltc001",9,"freed001",5,"jay-j001",8,"cruzt002",2,"descd001",6,"lynnl001",1,"mains001","rzepm001","N","N",,,51,,,,000000000,40012000x,31,1,0,0,0,0,0,0,3,0,6,2,0,1,0,3,6,6,0,0,24,5,1,0,0,34,3,0,2,7,1,1,0,4,1,5,0,0,0,0,3,0,0,0,0,27,9,0,1,0,,,,,,,,,,,"Lance Lynn","Travis Wood","(none)","jay-j001","Jon Jay","David DeJesus","Starlin Castro","Anthony Rizzo","Alfonso Soriano","Bryan LaHair","Steve Clevenger","Darwin Barney","Luis Valbuena","Travis Wood","Tyler Greene","Allen Craig","Matt Holliday","Carlos Beltran","David Freese","Jon Jay","Tony Cruz","Daniel Descalso","Lance Lynn",,
"SLN201207230","20120723",0,"Monday",716,"F","N","LAN","SLN","STL10","billc001","kellj001","fostm901","reybd901","kellj901","coope901","","",42806,"","","","","",1,1,103,8,8,0,0,1,186,9,5,3,7,9,0,1,4,6,"billc001","kellj001","jansk001","","abreb001",7,"ellim001",4,"kempm001",8,"ethia001",9,"rivej001",3,"kenna001",5,"cruzl001",6,"ellia001",2,"billc001",1,"furcr001",6,"jay-j001",8,"hollm001",7,"beltc001",9,"berkl001",3,"moliy001",2,"schus001",4,"carpm002",5,"kellj001",1,"jansk001","roset001","N","N",,,54,,,,030000200,100000020,33,2,0,1,5,0,0,0,3,0,4,0,1,1,0,4,3,3,0,0,27,8,1,1,0,35,2,0,1,3,0,0,0,1,0,6,1,0,1,0,5,4,4,1,0,27,14,0,1,0,,,,,,,,,,,"Chad Billingsley","Joe Kelly","Kenley Jansen","cruzl001","Luis Cruz","Bobby Abreu","Mark Ellis","Matt Kemp","Andre Ethier","Juan Rivera","Adam Kennedy","Luis Cruz","A.J. Ellis","Chad Billingsley","Rafael Furcal","Jon Jay","Matt Holliday","Carlos Beltran","Lance Berkman","Yadier Molina","Skip Schumaker","Matt Carpenter","Joe Kelly",,
"SLN201207240","20120724",0,"Tuesday",716,"F","N","LAN","SLN","STL10","kersc001","waina001","reybd901","kellj901","(none)","fostm901","","",38195,"","","","","",1,1,103,3,5,0,0,2,174,9,2,8,7,8,0,2,6,7,"waina001","kersc001","","","hairj002",5,"ellim001",4,"kempm001",8,"ethia001",9,"lonej001",3,"rivej001",7,"cruzl001",6,"tream001",2,"kersc001",1,"furcr001",6,"craia001",9,"hollm001",7,"beltc001",8,"freed001",5,"moliy001",2,"berkl001",3,"descd001",4,"waina001",1,"guerj002","boggm001","N","N",,,51,,,,000200000,00002600x,33,2,0,0,2,0,0,1,1,0,8,0,0,3,0,4,8,8,0,0,24,10,0,0,0,31,3,0,0,8,1,0,1,6,1,5,1,0,0,0,3,2,2,0,0,27,13,0,3,0,,,,,,,,,,,"Adam Wainwright","Clayton Kershaw","(none)","freed001","David Freese","Jerry Hairston","Mark Ellis","Matt Kemp","Andre Ethier","James Loney","Juan Rivera","Luis Cruz","Matt Treanor","Clayton Kershaw","Rafael Furcal","Allen Craig","Matt Holliday","Carlos Beltran","David Freese","Yadier Molina","Lance Berkman","Daniel Descalso","Adam Wainwright",,
"SLN201207250","20120725",0,"Wednesday",716,"F","N","LAN","SLN","STL10","haraa001","lohsk001","kellj901","fostm901","tumpj901","reybd901","","",37841,"","","","","",1,1,102,8,8,0,0,2,235,12,2,3,8,6,1,0,6,8,"salaf001","wrigj001","","","abreb001",7,"ellim001",4,"kempm001",8,"ethia001",9,"ramih003",5,"lonej001",3,"cruzl001",6,"ellia001",2,"haraa001",1,"furcr001",6,"jay-j001",8,"hollm001",7,"beltc001",9,"craia001",3,"moliy001",2,"freed001",5,"schus001",4,"lohsk001",1,"wrigj001","salaf001","N","N",,,71,,,,010001000000,010010000001,42,3,1,0,2,0,1,0,1,0,9,0,0,1,0,6,3,3,0,0,35,15,0,2,0,37,1,0,0,2,1,1,0,7,0,11,0,0,1,0,4,2,2,0,0,36,12,0,1,0,,,,,,,,,,,"Fernando Salas","Jamey Wright","(none)","furcr001","Rafael Furcal","Bobby Abreu","Mark Ellis","Matt Kemp","Andre Ethier","Hanley Ramirez","James Loney","Luis Cruz","A.J. Ellis","Aaron Harang","Rafael Furcal","Jon Jay","Matt Holliday","Carlos Beltran","Allen Craig","Yadier Molina","David Freese","Skip Schumaker","Kyle Lohse",,
"SLN201207260","20120726",0,"Thursday",1245,"F","D","LAN","SLN","STL10","capuc001","westj001","tumpj901","fostm901","reybd901","kellj901","","",36607,"","","","","",1,1,91,3,8,0,0,2,183,9,4,7,8,18,1,1,5,11,"westj001","capuc001","mottj001","","gwynt002",7,"ellim001",4,"kempm001",8,"ethia001",9,"ramih003",5,"rivej001",3,"cruzl001",6,"tream001",2,"capuc001",1,"furcr001",6,"descd001",4,"hollm001",7,"craia001",9,"freed001",5,"carpm002",3,"cruzt002",2,"jay-j001",8,"westj001",1,"lindj004","mottj001","N","N",,,51,,,,000040000,00024100x,33,0,0,0,3,0,1,0,2,0,11,2,0,1,0,4,7,7,0,0,24,6,0,2,0,40,1,0,1,7,0,0,0,2,1,3,0,0,0,0,3,3,3,0,0,27,10,0,1,0,,,,,,,,,,,"Jake Westbrook","Chris Capuano","Jason Motte","freed001","David Freese","Tony Gwynn","Mark Ellis","Matt Kemp","Andre Ethier","Hanley Ramirez","Juan Rivera","Luis Cruz","Matt Treanor","Chris Capuano","Rafael Furcal","Daniel Descalso","Matt Holliday","Allen Craig","David Freese","Matt Carpenter","Tony Cruz","Jon Jay","Jake Westbrook",,
"SLN201208030","20120803",0,"Friday",716,"F","N","MIL","SLN","STL10","wolfr001","kellj001","estam901","welkt901","everm901","diazl901","","",41505,"","","","","",1,1,97,3,8,0,0,2,198,9,3,9,12,14,3,0,10,7,"kellj001","wolfr001","","","aokin001",9,"gomec002",8,"braur002",7,"hartc001",3,"weekr001",4,"maldm001",2,"ransc001",5,"iztuc001",6,"wolfr001",1,"furcr001",6,"craia001",3,"hollm001",7,"beltc001",9,"freed001",5,"moliy001",2,"descd001",4,"robis001",8,"kellj001",1,"mcclm001","rzepm001","N","N",,,51,,,,030000000,00040203x,36,4,0,0,3,1,0,1,2,0,6,0,1,0,0,5,8,8,1,0,24,11,0,1,0,36,3,0,0,7,1,0,0,3,0,4,2,0,1,0,5,3,3,0,0,27,15,0,0,0,,,,,,,,,,,"Joe Kelly","Randy Wolf","(none)","kellj001","Joe Kelly","Nori Aoki","Carlos Gomez","Ryan Braun","Corey Hart","Rickie Weeks","Martin Maldonado","Cody Ransom","Cesar Izturis","Randy Wolf","Rafael Furcal","Allen Craig","Matt Holliday","Carlos Beltran","David Freese","Yadier Molina","Daniel Descalso","Shane Robinson","Joe Kelly",,
"SLN201208040","20120804",0,"Saturday",626,"F","N","MIL","SLN","STL10","rogem001","waina001","welkt901","everm901","diazl901","estam901","","",42036,"","","","","",1,1,97,2,14,0,0,2,139,9,1,6,5,9,0,0,2,4,"waina001","rogem001","","","gomec002",8,"morgn001",9,"braur002",7,"hartc001",3,"weekr001",4,"lucrj001",2,"iztuc001",6,"ransc001",5,"rogem001",1,"furcr001",6,"craia001",3,"hollm001",7,"beltc001",9,"freed001",5,"moliy001",2,"jay-j001",8,"descd001",4,"waina001",1,"rodrf003","","N","N",,,51,,,,100000000,01400100x,29,1,0,0,1,0,1,0,0,0,7,0,0,1,0,3,6,6,0,0,24,10,0,0,0,33,2,0,2,6,0,0,0,1,0,6,1,0,0,0,1,1,1,0,1,27,13,0,1,0,,,,,,,,,,,"Adam Wainwright","Mark Rogers","(none)","waina001","Adam Wainwright","Carlos Gomez","Nyjer Morgan","Ryan Braun","Corey Hart","Rickie Weeks","Jonathan Lucroy","Cesar Izturis","Cody Ransom","Mark Rogers","Rafael Furcal","Allen Craig","Matt Holliday","Carlos Beltran","David Freese","Yadier Molina","Jon Jay","Daniel Descalso","Adam Wainwright",,
"SLN201208050","20120805",0,"Sunday",706,"F","N","MIL","SLN","STL10","estrm001","lohsk001","everm901","diazl901","estam901","welkt901","","",40274,"","","","","",1,1,89,5,8,0,0,1,173,9,0,3,6,12,1,1,9,8,"lohsk001","estrm001","mottj001","","aokin001",9,"gomec002",8,"braur002",7,"ramia001",5,"hartc001",3,"weekr001",4,"lucrj001",2,"ransc001",6,"estrm001",1,"schus001",4,"craia001",3,"hollm001",7,"beltc001",9,"freed001",5,"moliy001",2,"jay-j001",8,"descd001",6,"lohsk001",1,"loe-k001","mottj001","N","N",,,51,,,,000000000,01000011x,32,2,0,0,0,0,0,0,4,0,8,0,0,1,0,3,3,3,0,0,24,18,0,2,0,33,4,1,0,3,1,0,0,1,0,4,0,1,1,0,4,0,0,0,0,27,7,0,2,0,,,,,,,,,,,"Kyle Lohse","Marco Estrada","Jason Motte","descd001","Daniel Descalso","Nori Aoki","Carlos Gomez","Ryan Braun","Aramis Ramirez","Corey Hart","Rickie Weeks","Jonathan Lucroy","Cody Ransom","Marco Estrada","Skip Schumaker","Allen Craig","Matt Holliday","Carlos Beltran","David Freese","Yadier Molina","Jon Jay","Daniel Descalso","Kyle Lohse",,
"SLN201208060","20120806",0,"Monday",715,"F","N","SFN","SLN","STL10","cainm001","westj001","hudsm901","bakej902","mcclt901","rungb901","","",38652,"","","","","",1,1,92,4,5,0,0,1,156,9,2,8,8,12,0,0,4,6,"westj001","cainm001","","","pagaa001",8,"therr001",4,"cabrm002",7,"poseb001",2,"pench001",9,"scutm001",5,"beltb001",3,"crawb001",6,"cainm001",1,"descd001",4,"craia001",3,"hollm001",7,"beltc001",9,"freed001",5,"moliy001",2,"jay-j001",8,"furcr001",6,"westj001",1,"louxs001","fuenb001","N","N",,,51,,,,100001000,02000330x,33,0,0,2,2,0,0,0,0,0,8,0,0,1,0,3,8,8,1,0,24,9,0,1,0,33,2,0,1,8,0,1,0,4,1,7,0,0,1,0,4,2,2,0,0,27,12,0,1,0,,,,,,,,,,,"Jake Westbrook","Matt Cain","(none)","freed001","David Freese","Angel Pagan","Ryan Theriot","Melky Cabrera","Buster Posey","Hunter Pence","Marco Scutaro","Brandon Belt","Brandon Crawford","Matt Cain","Daniel Descalso","Allen Craig","Matt Holliday","Carlos Beltran","David Freese","Yadier Molina","Jon Jay","Rafael Furcal","Jake Westbrook",,
"SLN201208070","20120807",0,"Tuesday",716,"F","N","SFN","SLN","STL10","zitob001","lynnl001","bakej902","mcclt901","rungb901","hudsm901","","",41293,"","","","","",1,1,95,1,6,0,0,2,171,9,4,2,11,10,0,0,7,8,"zitob001","lynnl001","affej001","","pagaa001",8,"scutm001",4,"cabrm002",7,"poseb001",2,"pench001",9,"beltb001",3,"crawb001",6,"ariaj001",5,"zitob001",1,"schus001",4,"craia001",3,"hollm001",7,"beltc001",9,"freed001",5,"moliy001",2,"jay-j001",8,"furcr001",6,"lynnl001",1,"affej001","rzepm001","N","N",,,54,,,,300001000,001010000,34,3,0,1,4,1,0,0,3,0,6,2,1,1,0,4,2,2,0,0,27,9,0,1,0,36,2,0,2,2,0,0,0,1,0,6,0,0,1,0,4,4,4,0,0,27,14,0,1,0,,,,,,,,,,,"Barry Zito","Lance Lynn","Jeremy Affeldt","poseb001","Buster Posey","Angel Pagan","Marco Scutaro","Melky Cabrera","Buster Posey","Hunter Pence","Brandon Belt","Brandon Crawford","Joaquin Arias","Barry Zito","Skip Schumaker","Allen Craig","Matt Holliday","Carlos Beltran","David Freese","Yadier Molina","Jon Jay","Rafael Furcal","Lance Lynn",,
"SLN201208080","20120808",0,"Wednesday",716,"F","N","SFN","SLN","STL10","voger001","kellj001","mcclt901","rungb901","hudsm901","bakej902","","",36906,"","","","","",1,1,89,6,14,0,0,2,199,9,15,0,15,4,0,2,7,6,"voger001","kellj001","","","pagaa001",8,"scutm001",5,"cabrm002",7,"poseb001",2,"pench001",9,"beltb001",3,"therr001",4,"crawb001",6,"voger001",1,"jay-j001",8,"carpm002",3,"hollm001",7,"beltc001",9,"freed001",5,"moliy001",2,"descd001",6,"greet004",4,"kellj001",1,"mijaj001","rzepm001","N","N",,,54,,,,101005044,000000000,39,3,0,1,14,1,2,0,7,0,4,0,0,1,0,3,0,0,1,0,27,12,0,1,0,29,0,1,0,0,0,0,0,4,0,4,0,1,1,0,5,12,12,0,0,27,11,0,1,0,,,,,,,,,,,"Ryan Vogelsong","Joe Kelly","(none)","pench001","Hunter Pence","Angel Pagan","Marco Scutaro","Melky Cabrera","Buster Posey","Hunter Pence","Brandon Belt","Ryan Theriot","Brandon Crawford","Ryan Vogelsong","Jon Jay","Matt Carpenter","Matt Holliday","Carlos Beltran","David Freese","Yadier Molina","Daniel Descalso","Tyler Greene","Joe Kelly",,
"SLN201208090","20120809",0,"Thursday",1247,"F","D","SFN","SLN","STL10","bumgm001","waina001","rungb901","hudsm901","bakej902","mcclt901","","",32810,"","","","","",1,1,88,1,3,0,0,2,157,9,1,3,5,4,0,0,8,2,"waina001","bumgm001","mottj001","","pagaa001",8,"scutm001",4,"cabrm002",7,"poseb001",2,"pench001",9,"beltb001",3,"crawb001",6,"ariaj001",5,"bumgm001",1,"jay-j001",8,"craia001",3,"hollm001",7,"beltc001",9,"freed001",5,"moliy001",2,"descd001",4,"furcr001",6,"waina001",1,"garcj002","mottj001","N","N",,,51,,,,000010000,20000100x,31,0,0,0,1,0,1,0,4,0,10,0,0,0,0,4,3,3,0,0,24,7,0,0,0,27,2,0,1,3,0,1,0,1,0,7,2,0,0,0,3,1,1,0,0,27,6,0,0,0,,,,,,,,,,,"Adam Wainwright","Madison Bumgarner","Jason Motte","beltc001","Carlos Beltran","Angel Pagan","Marco Scutaro","Melky Cabrera","Buster Posey","Hunter Pence","Brandon Belt","Brandon Crawford","Joaquin Arias","Madison Bumgarner","Jon Jay","Allen Craig","Matt Holliday","Carlos Beltran","David Freese","Yadier Molina","Daniel Descalso","Rafael Furcal","Adam Wainwright",,
"SLN201208140","20120814",0,"Tuesday",715,"F","N","ARI","SLN","STL10","kenni001","kellj001","barrs901","mealj901","darlg901","emmep901","","",34587,"","","","","",1,1,80,3,6,0,0,3,164,9,2,8,7,9,2,0,5,6,"kellj001","kenni001","","","drews001",6,"hilla001",4,"kubej002",7,"goldp001",3,"uptoj001",9,"montm001",2,"wheer001",5,"parrg001",8,"kenni001",1,"jay-j001",8,"craia001",3,"hollm001",7,"beltc001",9,"freed001",5,"moliy001",2,"schus001",4,"furcr001",6,"kellj001",1,"shawb001","salaf001","N","N",,,51,,,,000000200,00020123x,31,1,1,1,2,1,0,0,2,0,9,0,0,2,0,3,6,6,1,0,24,11,0,1,0,33,2,1,2,7,1,0,0,4,1,6,0,0,1,0,4,2,2,0,0,27,12,0,2,0,,,,,,,,,,,"Joe Kelly","Ian Kennedy","(none)","hollm001","Matt Holliday","Stephen Drew","Aaron Hill","Jason Kubel","Paul Goldschmidt","Justin Upton","Miguel Montero","Ryan Wheeler","Gerardo Parra","Ian Kennedy","Jon Jay","Allen Craig","Matt Holliday","Carlos Beltran","David Freese","Yadier Molina","Skip Schumaker","Rafael Furcal","Joe Kelly",,
"SLN201208150","20120815",0,"Wednesday",716,"F","N","ARI","SLN","STL10","saunj001","waina001","mealj901","darlg901","emmep901","barrs901","","",33572,"","","","","",1,1,91,8,10,0,0,1,151,9,2,5,5,8,1,0,3,6,"waina001","saunj001","mottj001","","drews001",6,"hilla001",4,"kubej002",7,"goldp001",3,"uptoj001",9,"montm001",2,"johnc003",5,"younc004",8,"saunj001",1,"jay-j001",8,"craia001",3,"hollm001",7,"beltc001",9,"freed001",5,"descd001",4,"cruzt002",2,"furcr001",6,"waina001",1,"bergb002","mottj001","N","N",,,51,,,,000101000,00021200x,30,0,0,1,1,1,0,0,1,0,9,0,0,1,0,3,5,5,0,0,24,7,0,0,0,33,2,1,2,5,0,0,0,2,0,8,0,0,0,0,4,2,2,0,0,27,13,0,1,0,,,,,,,,,,,"Adam Wainwright","Joe Saunders","Jason Motte","freed001","David Freese","Stephen Drew","Aaron Hill","Jason Kubel","Paul Goldschmidt","Justin Upton","Miguel Montero","Chris Johnson","Chris Young","Joe Saunders","Jon Jay","Allen Craig","Matt Holliday","Carlos Beltran","David Freese","Daniel Descalso","Tony Cruz","Rafael Furcal","Adam Wainwright",,
"SLN201208160","20120816",0,"Thursday",840,"F","N","ARI","SLN","STL10","cahit001","lohsk001","darlg901","emmep901","barrs901","mealj901","","",36758,"","","","","",1,1,74,6,2,0,0,3,171,9,2,1,7,6,1,0,7,6,"hernd002","mottj001","putzj001","","parrg001",7,"hilla001",4,"uptoj001",9,"montm001",2,"goldp001",3,"younc004",8,"wheer001",5,"elmoj001",6,"cahit001",1,"jay-j001",8,"craia001",3,"hollm001",7,"beltc001",9,"freed001",5,"descd001",4,"cruzt002",2,"furcr001",6,"lohsk001",1,"putzj001","salaf001","N","N",,,54,,,,000000002,000010000,33,1,0,2,2,0,0,0,3,0,8,0,1,0,0,4,1,1,1,0,27,11,0,1,0,30,1,0,0,1,2,0,1,1,0,8,0,0,1,0,5,2,2,0,0,27,11,0,1,0,,,,,,,,,,,"David Hernandez","Jason Motte","J.J. Putz","younc004","Chris Young","Gerardo Parra","Aaron Hill","Justin Upton","Miguel Montero","Paul Goldschmidt","Chris Young","Ryan Wheeler","Jake Elmore","Trevor Cahill","Jon Jay","Allen Craig","Matt Holliday","Carlos Beltran","David Freese","Daniel Descalso","Tony Cruz","Rafael Furcal","Kyle Lohse",,
"SLN201208170","20120817",0,"Friday",715,"F","N","PIT","SLN","STL10","mcdoj004","westj001","barrl901","reynj901","hoyej901","joycj901","","",38689,"","","","","",1,1,80,5,11,0,0,1,167,9,2,1,6,4,0,1,5,5,"mcdoj004","westj001","hanrj001","","marts002",7,"snidt001",9,"mccua001",8,"joneg002",3,"mckem001",2,"alvap001",5,"barmc001",6,"mercj002",4,"mcdoj004",1,"jay-j001",8,"craia001",3,"hollm001",7,"beltc001",9,"freed001",5,"descd001",4,"cruzt002",2,"furcr001",6,"westj001",1,"hanrj001","salaf001","N","N",,,54,,,,000200000,000000100,31,1,0,0,0,0,0,0,3,0,5,0,0,2,0,5,1,1,0,0,27,9,0,1,0,29,2,0,0,1,0,0,0,4,0,10,0,0,1,0,3,1,1,2,0,27,17,1,2,0,,,,,,,,,,,"James McDonald","Jake Westbrook","Joel Hanrahan","","(none)","Starling Marte","Travis Snider","Andrew McCutchen","Garrett Jones","Michael McKenry","Pedro Alvarez","Clint Barmes","Jordy Mercer","James McDonald","Jon Jay","Allen Craig","Matt Holliday","Carlos Beltran","David Freese","Daniel Descalso","Tony Cruz","Rafael Furcal","Jake Westbrook",,
"SLN201208180","20120818",0,"Saturday",306,"F","D","PIT","SLN","STL10","bedae001","lynnl001","reynj901","hoyej901","joycj901","barrl901","","",40313,"","","","","",1,1,81,8,2,0,0,0,197,9,4,5,8,11,0,1,10,8,"browb004","bedae001","mottj001","","marts002",7,"mercj002",4,"mccua001",8,"joneg002",3,"snidt001",9,"alvap001",5,"barar001",2,"barmc001",6,"bedae001",1,"furcr001",6,"carpm002",9,"hollm001",7,"craia001",3,"freed001",5,"moliy001",2,"robis001",8,"jackr005",4,"lynnl001",1,"cruzj005","mottj001","N","N",,,51,,,,001020001,10022000x,35,2,0,0,4,0,1,2,3,0,14,0,0,0,0,3,5,5,0,0,24,10,0,2,0,33,4,0,0,5,0,0,1,3,0,6,0,0,1,0,6,3,3,1,0,27,3,0,0,0,,,,,,,,,,,"Barret Browning","Erik Bedard","Jason Motte","moliy001","Yadier Molina","Starling Marte","Jordy Mercer","Andrew McCutchen","Garrett Jones","Travis Snider","Pedro Alvarez","Rod Barajas","Clint Barmes","Erik Bedard","Rafael Furcal","Matt Carpenter","Matt Holliday","Allen Craig","David Freese","Yadier Molina","Shane Robinson","Ryan Jackson","Lance Lynn",,
"SLN201208190","20120819",0,"Sunday",116,"F","D","PIT","SLN","STL10","karsj001","garcj004","hoyej901","joycj901","barrl901","reynj901","","",43412,"","","","","",1,1,82,4,6,0,0,2,367,19,6,3,16,11,1,1,13,13,"rodrw002","browb004","","","tabaj002",7,"harrj002",4,"mccua001",8,"sancg001",3,"snidt001",9,"mckem001",2,"alvap001",5,"barmc001",6,"karsj001",1,"jay-j001",8,"craia001",3,"hollm001",7,"beltc001",9,"freed001",5,"moliy001",2,"schus001",4,"furcr001",6,"garcj004",1,"rodrw002","browb004","N","N",,,114,,,,0000020000000000103,0002000000000000100,66,3,1,1,6,2,1,1,6,2,19,0,2,3,0,8,3,3,1,0,57,19,0,0,0,68,1,0,0,3,0,1,0,4,0,15,3,0,0,0,8,4,4,1,0,57,20,0,3,0,,,,,,,,,,,"Wandy Rodriguez","Barret Browning","(none)","alvap001","Pedro Alvarez","Jose Tabata","Josh Harrison","Andrew McCutchen","Gaby Sanchez","Travis Snider","Michael McKenry","Pedro Alvarez","Clint Barmes","Jeff Karstens","Jon Jay","Allen Craig","Matt Holliday","Carlos Beltran","David Freese","Yadier Molina","Skip Schumaker","Rafael Furcal","Jaime Garcia",,
"SLN201208210","20120821",0,"Tuesday",716,"F","N","HOU","SLN","STL10","harrl002","waina001","gonzm901","davig901","reybd901","cuzzp901","","",35370,"","","","","",1,1,88,4,9,0,0,2,162,9,0,7,5,13,0,0,6,10,"waina001","harrl002","","","altuj001",4,"moors001",5,"wallb001",3,"maxwj002",8,"castj006",2,"franb001",9,"martf002",7,"greet004",6,"harrl002",1,"jay-j001",8,"carpm002",3,"hollm001",7,"craia001",9,"freed001",5,"moliy001",2,"schus001",4,"furcr001",6,"waina001",1,"cedex001","","N","N",,,51,,,,000000000,40200100x,32,2,0,0,0,0,0,0,1,0,12,0,0,0,0,4,7,7,1,1,24,14,0,2,0,34,4,0,0,6,0,1,0,6,0,5,0,0,2,0,1,0,0,0,0,27,8,0,0,0,,,,,,,,,,,"Adam Wainwright","Lucas Harrell","(none)","","(none)","Jose Altuve","Scott Moore","Brett Wallace","Justin Maxwell","Jason Castro","Ben Francisco","Fernando Martinez","Tyler Greene","Lucas Harrell","Jon Jay","Matt Carpenter","Matt Holliday","Allen Craig","David Freese","Yadier Molina","Skip Schumaker","Rafael Furcal","Adam Wainwright",,
"SLN201208220","20120822",0,"Wednesday",715,"F","N","HOU","SLN","STL10","norrb001","lohsk001","davig901","reybd901","cuzzp901","gonzm901","","",35198,"","","","","",1,1,88,7,1,0,0,1,152,9,2,4,3,9,0,1,3,6,"lohsk001","norrb001","mottj001","","altuj001",4,"gonzm002",6,"wallb001",3,"franb001",7,"moors001",5,"pears001",9,"barnb002",8,"snydc002",2,"norrb001",1,"jay-j001",8,"carpm002",5,"hollm001",7,"beltc001",9,"craia001",3,"moliy001",2,"descd001",4,"furcr001",6,"lohsk001",1,"rodrf004","mottj001","N","N",,,51,,,,101000000,01002001x,31,1,0,2,2,0,0,0,1,0,5,0,0,0,0,3,4,4,1,0,24,12,0,0,0,31,3,0,0,3,1,0,0,2,1,2,1,1,0,0,3,2,2,0,0,27,10,0,0,0,,,,,,,,,,,"Kyle Lohse","Bud Norris","Jason Motte","","(none)","Jose Altuve","Marwin Gonzalez","Brett Wallace","Ben Francisco","Scott Moore","Steve Pearce","Brandon Barnes","Chris Snyder","Bud Norris","Jon Jay","Matt Carpenter","Matt Holliday","Carlos Beltran","Allen Craig","Yadier Molina","Daniel Descalso","Rafael Furcal","Kyle Lohse",,
"SLN201208230","20120823",0,"Thursday",1245,"F","D","HOU","SLN","STL10","keucd001","westj001","reybd901","cuzzp901","gonzm901","davig901","","",30343,"","","","","",1,1,90,8,2,0,0,1,200,9,5,13,11,17,1,2,12,6,"westj001","keucd001","","","altuj001",4,"bogub001",8,"wallb001",3,"franb001",9,"castj006",2,"greet004",6,"moors001",5,"martf002",7,"keucd001",1,"jay-j001",8,"craia001",3,"hollm001",7,"beltc001",9,"moliy001",2,"freed001",5,"descd001",4,"furcr001",6,"westj001",1,"cruzr001","rzepm001","N","N",,,51,,,,120110000,00035104x,35,4,0,0,4,1,3,2,3,0,7,0,0,0,0,5,12,12,0,0,24,9,0,1,0,39,5,0,1,13,1,0,0,3,0,7,0,0,1,0,5,5,5,0,0,27,10,0,0,0,,,,,,,,,,,"Jake Westbrook","Dallas Keuchel","(none)","hollm001","Matt Holliday","Jose Altuve","Brian Bogusevic","Brett Wallace","Ben Francisco","Jason Castro","Tyler Greene","Scott Moore","Fernando Martinez","Dallas Keuchel","Jon Jay","Allen Craig","Matt Holliday","Carlos Beltran","Yadier Molina","David Freese","Daniel Descalso","Rafael Furcal","Jake Westbrook",,
"SLN201209030","20120903",0,"Monday",116,"F","D","NYN","SLN","STL10","mchuc001","kellj001","basnt901","rackd901","iassd901","scotd901","","",40952,"","","","","",1,1,79,6,9,0,0,0,189,9,4,5,8,9,2,0,7,7,"kellj001","mchuc001","mottj001","","tejar001",6,"murpd006",4,"wrigd002",5,"davii001",3,"dudal001",7,"baxtm001",9,"shopk001",2,"torra001",8,"mchuc001",1,"jay-j001",8,"carpm002",3,"hollm001",7,"craia001",9,"moliy001",2,"freed001",5,"schus001",4,"descd001",6,"kellj001",1,"edgij001","mottj001","N","N",,,51,,,,000000220,10210010x,34,1,1,2,4,0,0,0,4,0,6,1,0,0,0,5,5,5,0,0,24,10,0,1,0,31,1,1,1,5,2,1,1,1,0,4,0,0,1,0,5,4,4,0,0,27,12,0,0,0,,,,,,,,,,,"Joe Kelly","Collin McHugh","Jason Motte","carpm002","Matt Carpenter","Ruben Tejada","Daniel Murphy","David Wright","Ike Davis","Lucas Duda","Mike Baxter","Kelly Shoppach","Andres Torres","Collin McHugh","Jon Jay","Matt Carpenter","Matt Holliday","Allen Craig","Yadier Molina","David Freese","Skip Schumaker","Daniel Descalso","Joe Kelly",,
"SLN201209040","20120904",0,"Tuesday",716,"F","N","NYN","SLN","STL10","harvm001","garcj004","rackd901","blasc901","iassd901","scotd901","","",34108,"","","","","",1,1,86,2,5,0,0,2,171,9,1,5,9,10,0,2,8,9,"garcj004","harvm001","","","tejar001",6,"ceder002",4,"wrigd002",5,"hairs001",9,"murpd006",3,"shopk001",2,"bay-j001",7,"torra001",8,"harvm001",1,"jay-j001",8,"carpm002",3,"hollm001",7,"craia001",9,"moliy001",2,"freed001",5,"schus001",4,"descd001",6,"garcj004",1,"famij001","roset001","N","N",,,51,,,,000000010,03000110x,35,0,0,0,1,0,1,0,0,0,5,0,0,2,0,4,5,5,0,0,24,9,1,1,0,29,0,0,0,5,3,1,1,4,0,5,1,0,1,0,3,0,0,1,0,27,13,0,2,0,,,,,,,,,,,"Jaime Garcia","Matt Harvey","(none)","schus001","Skip Schumaker","Ruben Tejada","Ronny Cedeno","David Wright","Scott Hairston","Daniel Murphy","Kelly Shoppach","Jason Bay","Andres Torres","Matt Harvey","Jon Jay","Matt Carpenter","Matt Holliday","Allen Craig","Yadier Molina","David Freese","Skip Schumaker","Daniel Descalso","Jaime Garcia",,
"SLN201209050","20120905",0,"Wednesday",1255,"F","D","NYN","SLN","STL10","dickr001","waina001","blasc901","iassd901","scotd901","rackd901","","",30090,"","","","","",1,1,75,0,11,0,0,0,165,9,6,2,12,9,1,0,8,6,"dickr001","waina001","","","baxtm001",9,"tejar001",6,"murpd006",4,"davii001",3,"dudal001",7,"turnj001",5,"tholj001",2,"torra001",8,"dickr001",1,"jay-j001",8,"schus001",4,"beltc001",9,"berkl001",3,"carpm002",5,"robis001",7,"descd001",6,"cruzt002",2,"waina001",1,"franf001","frees001","N","N",,,54,,,,011030010,001000100,37,3,0,1,6,0,0,1,3,0,13,0,0,2,0,4,2,2,0,0,27,11,0,3,0,34,0,0,1,1,0,0,0,1,0,7,0,0,2,0,5,6,6,0,0,27,8,0,2,0,,,,,,,,,,,"R.A. Dickey","Adam Wainwright","(none)","tholj001","Josh Thole","Mike Baxter","Ruben Tejada","Daniel Murphy","Ike Davis","Lucas Duda","Justin Turner","Josh Thole","Andres Torres","R.A. Dickey","Jon Jay","Skip Schumaker","Carlos Beltran","Lance Berkman","Matt Carpenter","Shane Robinson","Daniel Descalso","Tony Cruz","Adam Wainwright",,
"SLN201209070","20120907",0,"Friday",935,"F","N","MIL","SLN","STL10","gally001","lohsk001","porta901","kulpr901","cousd901","wolfj901","","",38648,"","","","","",1,1,70,3,8,0,0,3,270,13,5,4,13,10,0,1,7,10,"kintb001","lynnl001","axfoj001","","aokin001",9,"weekr001",4,"braur002",7,"hartc001",3,"greet005",5,"gomec002",8,"maldm001",2,"bianj001",6,"gally001",1,"jay-j001",8,"carpm002",7,"beltc001",9,"craia001",3,"moliy001",2,"freed001",5,"schus001",4,"descd001",6,"lohsk001",1,"axfoj001","lynnl001","N","N",,,78,,,,0001001200001,2000000200000,48,2,0,1,4,1,0,0,2,0,11,2,1,0,0,8,4,4,1,0,39,13,1,1,0,47,1,0,1,4,0,1,0,5,0,12,2,0,1,0,6,5,5,0,0,39,16,0,0,0,,,,,,,,,,,"Brandon Kintzler","Lance Lynn","John Axford","braur002","Ryan Braun","Nori Aoki","Rickie Weeks","Ryan Braun","Corey Hart","Taylor Green","Carlos Gomez","Martin Maldonado","Jeff Bianchi","Yovani Gallardo","Jon Jay","Matt Carpenter","Carlos Beltran","Allen Craig","Yadier Molina","David Freese","Skip Schumaker","Daniel Descalso","Kyle Lohse",,
"SLN201209080","20120908",0,"Saturday",615,"F","N","MIL","SLN","STL10","fierm001","westj001","kulpr901","cousd901","wolfj901","porta901","","",40422,"","","","","",1,1,73,3,10,0,0,1,212,9,6,3,15,9,0,2,12,10,"fierm001","westj001","axfoj001","","aokin001",9,"weekr001",4,"braur002",7,"ramia001",5,"hartc001",3,"lucrj001",2,"gomec002",8,"bianj001",6,"fierm001",1,"jay-j001",8,"carpm002",9,"hollm001",7,"craia001",3,"moliy001",2,"freed001",5,"schus001",4,"descd001",6,"westj001",1,"axfoj001","rzepm001","N","N",,,54,,,,021000102,010000110,38,1,0,2,6,2,0,0,5,0,7,1,1,1,0,5,3,3,0,0,27,9,0,1,0,34,3,1,0,3,0,1,0,5,0,9,1,0,1,0,6,6,6,0,0,27,13,0,1,0,,,,,,,,,,,"Michael Fiers","Jake Westbrook","John Axford","gomec002","Carlos Gomez","Nori Aoki","Rickie Weeks","Ryan Braun","Aramis Ramirez","Corey Hart","Jonathan Lucroy","Carlos Gomez","Jeff Bianchi","Michael Fiers","Jon Jay","Matt Carpenter","Matt Holliday","Allen Craig","Yadier Molina","David Freese","Skip Schumaker","Daniel Descalso","Jake Westbrook",,
"SLN201209090","20120909",0,"Sunday",116,"F","D","MIL","SLN","STL10","marcs001","kellj001","cousd901","wolfj901","porta901","kulpr901","","",39919,"","","","","",1,1,72,4,14,0,0,1,203,10,4,5,9,12,0,1,8,6,"lynnl001","loe-k001","","","aokin001",9,"weekr001",4,"braur002",7,"ramia001",5,"hartc001",3,"lucrj001",2,"gomec002",8,"seguj002",6,"marcs001",1,"jay-j001",8,"carpm002",5,"hollm001",7,"craia001",3,"beltc001",9,"schus001",4,"cruzt002",2,"descd001",6,"kellj001",1,"loe-k001","lynnl001","N","N",,,59,,,,0101000020,3100000001,38,3,0,1,3,0,0,1,3,0,9,1,0,1,0,5,5,5,1,0,29,11,0,2,0,39,3,0,2,5,0,0,0,1,0,7,1,0,2,0,5,4,4,1,0,30,14,0,1,0,,,,,,,,,,,"Lance Lynn","Kameron Loe","(none)","craia001","Allen Craig","Nori Aoki","Rickie Weeks","Ryan Braun","Aramis Ramirez","Corey Hart","Jonathan Lucroy","Carlos Gomez","Jean Segura","Shaun Marcum","Jon Jay","Matt Carpenter","Matt Holliday","Allen Craig","Carlos Beltran","Skip Schumaker","Tony Cruz","Daniel Descalso","Joe Kelly",,
"SLN201209180","20120918",0,"Tuesday",715,"F","N","HOU","SLN","STL10","abadf001","lohsk001","culbf901","estam901","vanol901","belld901","","",35422,"","","","","",1,1,64,4,7,0,0,1,191,9,1,4,7,9,1,0,7,6,"lohsk001","abadf001","mottj001","","altuj001",4,"moors001",9,"wallb001",3,"maxwj002",8,"lowrj001",6,"martj006",7,"castj006",2,"domim001",5,"abadf001",1,"jay-j001",8,"beltc001",9,"hollm001",7,"craia001",3,"moliy001",2,"freed001",5,"descd001",4,"kozmp001",6,"lohsk001",1,"valdj001","mottj001","N","N",,,51,,,,000000010,01002010x,33,2,0,0,1,0,0,0,2,0,7,0,1,0,0,4,4,4,1,0,24,7,0,3,0,30,3,1,0,4,0,0,1,3,0,10,0,2,1,0,4,1,1,0,0,27,10,0,0,0,,,,,,,,,,,"Kyle Lohse","Fernando Abad","Jason Motte","descd001","Daniel Descalso","Jose Altuve","Scott Moore","Brett Wallace","Justin Maxwell","Jed Lowrie","J.D. Martinez","Jason Castro","Matt Dominguez","Fernando Abad","Jon Jay","Carlos Beltran","Matt Holliday","Allen Craig","Yadier Molina","David Freese","Daniel Descalso","Pete Kozma","Kyle Lohse",,
"SLN201209190","20120919",0,"Wednesday",716,"F","N","HOU","SLN","STL10","harrl002","lynnl001","estam901","vanol901","belld901","culbf901","","",39062,"","","","","",1,1,72,8,15,0,0,2,169,9,0,5,5,8,1,1,8,5,"lynnl001","harrl002","mottj001","","altuj001",4,"moors001",7,"wallb001",3,"maxwj002",8,"lowrj001",6,"lairb001",5,"snydc002",2,"parej002",9,"harrl002",1,"jay-j001",8,"beltc001",9,"hollm001",7,"craia001",3,"moliy001",2,"freed001",5,"schus001",4,"kozmp001",6,"lynnl001",1,"fickc001","mottj001","N","N",,,51,,,,000000000,02010002x,32,2,0,0,0,1,0,0,2,0,11,0,0,0,0,4,5,5,1,0,24,10,0,0,0,31,0,0,2,5,0,1,0,2,0,10,0,1,0,0,5,0,0,0,0,27,7,0,0,0,,,,,,,,,,,"Lance Lynn","Lucas Harrell","Jason Motte","freed001","David Freese","Jose Altuve","Scott Moore","Brett Wallace","Justin Maxwell","Jed Lowrie","Brandon Laird","Chris Snyder","Jimmy Paredes","Lucas Harrell","Jon Jay","Carlos Beltran","Matt Holliday","Allen Craig","Yadier Molina","David Freese","Skip Schumaker","Pete Kozma","Lance Lynn",,
"SLN201209200","20120920",0,"Thursday",1246,"F","D","HOU","SLN","STL10","norrb001","garcj004","vanol901","belld901","culbf901","estam901","","",34788,"","","","","",1,1,76,4,5,0,0,2,207,9,4,5,10,9,0,1,11,8,"garcj004","norrb001","mottj001","","altuj001",4,"barnb002",8,"domim001",5,"maxwj002",9,"martj006",7,"lairb001",3,"corpc001",2,"gonzm002",6,"norrb001",1,"jay-j001",8,"carpm002",9,"hollm001",7,"craia001",3,"moliy001",2,"freed001",5,"descd001",4,"kozmp001",6,"garcj004",1,"cedex001","mottj001","N","N",,,51,,,,102000100,30000200x,35,2,0,0,4,1,0,0,6,0,10,1,1,2,0,5,5,5,1,0,24,7,0,0,0,30,2,0,1,5,1,0,0,6,1,9,1,2,0,0,6,4,4,2,0,27,13,0,2,0,,,,,,,,,,,"Jaime Garcia","Bud Norris","Jason Motte","beltc001","Carlos Beltran","Jose Altuve","Brandon Barnes","Matt Dominguez","Justin Maxwell","J.D. Martinez","Brandon Laird","Carlos Corporan","Marwin Gonzalez","Bud Norris","Jon Jay","Matt Carpenter","Matt Holliday","Allen Craig","Yadier Molina","David Freese","Daniel Descalso","Pete Kozma","Jaime Garcia",,
"SLN201209280","20120928",0,"Friday",715,"F","N","WAS","SLN","STL10","jacke001","waina001","welkb901","blasc901","guccc901","nelsj901","","",39166,"","","","","",1,1,66,5,6,0,0,2,171,9,2,12,6,11,1,0,8,5,"waina001","jacke001","","","wertj001",9,"harpb003",8,"zimmr001",5,"laroa001",3,"morsm001",7,"desmi001",6,"espid001",4,"suzuk001",2,"jacke001",1,"jay-j001",8,"carpm002",5,"hollm001",7,"craia001",3,"moliy001",2,"beltc001",9,"descd001",4,"kozmp001",6,"waina001",1,"gonzm001","salaf001","N","N",,,51,,,,100000100,54000003x,33,2,0,1,2,0,0,0,4,0,8,0,0,0,0,5,11,11,2,0,24,13,0,3,0,33,3,0,2,12,0,1,1,6,0,4,0,0,3,0,4,2,2,0,0,27,8,0,0,0,,,,,,,,,,,"Adam Wainwright","Edwin Jackson","(none)","moliy001","Yadier Molina","Jayson Werth","Bryce Harper","Ryan Zimmerman","Adam LaRoche","Michael Morse","Ian Desmond","Danny Espinosa","Kurt Suzuki","Edwin Jackson","Jon Jay","Matt Carpenter","Matt Holliday","Allen Craig","Yadier Molina","Carlos Beltran","Daniel Descalso","Pete Kozma","Adam Wainwright",,
"SLN201209290","20120929",0,"Saturday",616,"F","N","WAS","SLN","STL10","zimmj003","lohsk001","blasc901","guccc901","nelsj901","welkb901","","",42264,"","","","","",1,1,75,0,4,0,0,1,218,10,6,4,13,11,0,0,10,7,"stord001","frees001","stamc001","","wertj001",9,"harpb003",8,"zimmr001",5,"laroa001",3,"morsm001",7,"desmi001",6,"espid001",4,"suzuk001",2,"zimmj003",1,"jay-j001",8,"carpm002",5,"hollm001",7,"craia001",3,"moliy001",2,"beltc001",9,"schus001",4,"kozmp001",6,"lohsk001",1,"stamc001","salaf001","N","N",,,60,,,,4000000002,0000003010,41,3,0,1,6,2,0,0,3,1,13,0,0,0,0,6,4,4,0,0,30,12,0,3,0,37,1,0,0,4,0,1,0,3,0,7,0,0,3,0,6,6,6,0,0,30,11,1,0,0,,,,,,,,,,,"Drew Storen","Sam Freeman","Craig Stammen","suzuk001","Kurt Suzuki","Jayson Werth","Bryce Harper","Ryan Zimmerman","Adam LaRoche","Michael Morse","Ian Desmond","Danny Espinosa","Kurt Suzuki","Jordan Zimmermann","Jon Jay","Matt Carpenter","Matt Holliday","Allen Craig","Yadier Molina","Carlos Beltran","Skip Schumaker","Pete Kozma","Kyle Lohse",,
"SLN201209300","20120930",0,"Sunday",116,"F","D","WAS","SLN","STL10","detwr001","lynnl001","guccc901","nelsj901","welkb901","blasc901","","",40084,"","","","","",1,1,70,0,1,0,0,0,187,9,4,10,7,12,1,0,5,8,"lynnl001","detwr001","","","wertj001",9,"harpb003",8,"zimmr001",5,"laroa001",3,"morsm001",7,"desmi001",6,"espid001",4,"suzuk001",2,"detwr001",1,"jay-j001",8,"beltc001",9,"hollm001",7,"craia001",3,"moliy001",2,"freed001",5,"descd001",4,"kozmp001",6,"lynnl001",1,"dukez001","kellj001","N","N",,,51,,,,000400000,05220001x,33,3,0,2,4,0,0,2,1,0,11,0,0,1,0,5,6,6,2,0,24,10,0,0,0,34,2,0,2,9,1,1,0,6,0,6,0,0,0,0,5,4,4,0,0,27,11,0,1,0,,,,,,,,,,,"Lance Lynn","Ross Detwiler","(none)","kozmp001","Pete Kozma","Jayson Werth","Bryce Harper","Ryan Zimmerman","Adam LaRoche","Michael Morse","Ian Desmond","Danny Espinosa","Kurt Suzuki","Ross Detwiler","Jon Jay","Carlos Beltran","Matt Holliday","Allen Craig","Yadier Molina","David Freese","Daniel Descalso","Pete Kozma","Lance Lynn",,
"SLN201210010","20121001",0,"Monday",715,"F","N","CIN","SLN","STL10","arrob001","garcj004","onorb901","fairc901","marqa901","hallt901","","",38480,"","","","","",1,1,65,4,10,0,0,3,158,9,2,4,6,9,0,1,5,6,"garcj004","arrob001","mottj001","","philb001",4,"cozaz001",6,"vottj001",3,"ludwr001",7,"brucj001",9,"roles001",5,"hanir001",2,"stubd001",8,"arrob001",1,"jay-j001",8,"beltc001",9,"hollm001",7,"craia001",3,"moliy001",2,"freed001",5,"descd001",4,"kozmp001",6,"garcj004",1,"hoovj002","mottj001","N","N",,,51,,,,001000100,00300100x,31,1,0,0,2,1,1,0,1,0,8,0,1,0,0,3,4,4,0,0,24,12,0,1,0,30,1,1,1,4,0,1,0,3,0,7,0,1,1,0,4,2,2,1,0,27,12,1,1,0,,,,,,,,,,,"Jaime Garcia","Bronson Arroyo","Jason Motte","craia001","Allen Craig","Brandon Phillips","Zack Cozart","Joey Votto","Ryan Ludwick","Jay Bruce","Scott Rolen","Ryan Hanigan","Drew Stubbs","Bronson Arroyo","Jon Jay","Carlos Beltran","Matt Holliday","Allen Craig","Yadier Molina","David Freese","Daniel Descalso","Pete Kozma","Jaime Garcia",,
"SLN201210020","20121002",0,"Tuesday",715,"F","N","CIN","SLN","STL10","latom001","carpc002","fairc901","marqa901","hallt901","onorb901","","",39644,"","","","","",1,1,64,8,3,0,0,0,168,9,3,1,8,6,0,0,7,6,"latom001","carpc002","chapa001","","philb001",4,"cozaz001",6,"vottj001",3,"ludwr001",7,"brucj001",9,"roles001",5,"navad001",2,"stubd001",8,"latom001",1,"jay-j001",8,"beltc001",9,"hollm001",7,"craia001",3,"moliy001",2,"freed001",5,"descd001",4,"kozmp001",6,"carpc002",1,"chapa001","kellj001","N","N",,,54,,,,000102000,100000000,35,2,0,1,3,0,0,0,2,0,9,0,0,0,0,5,1,1,0,0,27,10,0,1,0,31,2,0,0,1,0,1,0,2,1,6,0,0,1,0,3,3,3,0,0,27,6,0,0,0,,,,,,,,,,,"Mat Latos","Chris Carpenter","Aroldis Chapman","brucj001","Jay Bruce","Brandon Phillips","Zack Cozart","Joey Votto","Ryan Ludwick","Jay Bruce","Scott Rolen","Dioner Navarro","Drew Stubbs","Mat Latos","Jon Jay","Carlos Beltran","Matt Holliday","Allen Craig","Yadier Molina","David Freese","Daniel Descalso","Pete Kozma","Chris Carpenter",,
"SLN201210030","20121003",0,"Wednesday",716,"F","N","CIN","SLN","STL10","bailh001","mills001","marqa901","hallt901","onorb901","fairc901","","",42509,"","","","","",1,1,68,1,3,0,0,2,154,9,0,1,3,9,0,1,5,9,"martv002","broxj001","mottj001","","philb001",4,"cozaz001",6,"vottj001",3,"ludwr001",7,"brucj001",9,"roles001",5,"hanir001",2,"stubd001",8,"bailh001",1,"chama002",7,"robis001",8,"schus001",9,"carpm002",5,"cruzt002",2,"andeb005",3,"jackr005",4,"kozmp001",6,"mills001",1,"cingt001","mottj001","N","N",,,51,,,,000000000,00000001x,29,0,0,0,0,0,0,1,2,0,10,0,1,1,0,6,1,1,0,0,24,4,0,0,0,33,1,0,0,1,0,0,0,1,0,11,1,0,0,0,5,0,0,0,0,27,8,0,1,0,,,,,,,,,,,"Victor Marte","Jonathan Broxton","Jason Motte","carpm002","Matt Carpenter","Brandon Phillips","Zack Cozart","Joey Votto","Ryan Ludwick","Jay Bruce","Scott Rolen","Ryan Hanigan","Drew Stubbs","Homer Bailey","Adron Chambers","Shane Robinson","Skip Schumaker","Matt Carpenter","Tony Cruz","Bryan Anderson","Ryan Jackson","Pete Kozma","Shelby Miller",,
